Mixture	Ex1	Ex2	Ex3	Ex4	Ex5	Ex6	Ex8	In1	In3	In4	PVALB	SST	End	Per	Ast	Oli	OPC	Mic	P-value	Correlation	RMSE
159226173	0.206499054387684	0	0.127388415686229	0.20744927792749	0.0698642316779793	0	0.0325033712595355	0.00470925414484603	0.0554655466170443	0.00990322309711793	0.0678686549857967	0.0135794361297612	0.0163876093747143	0.0109275925192136	0.0729638252224332	0.0666521652615485	0.0136124864187461	0.0242258552898605	0	0.646912516558315	0.800237370422305
159226141	0.190899281384371	0	0.143775799626745	0.214931030506582	0.0726937602509325	0	0.0270493848785336	0	0.0649422530868308	0.0149785410611141	0.0581631433503692	0.0207367829651219	0.0135289603379954	0.0111761544316372	0.0999685568768601	0.0242655670700259	0.012915881014536	0.0299749031583464	0	0.621865714470377	0.809562368936725
159226109	0.158920989687348	0	0.130569303290839	0.227171947547068	0.117243979114889	0	0.039689581389412	0.023727561554068	0.0330049494099563	0.000687778031757752	0.0638450107778363	0.0198237325796999	0.0142459519972483	0.00959180422960424	0.0678947487848828	0.0588294212551935	0.0083988962280702	0.0263543441221268	0	0.633323775854989	0.806895414291703
159226171	0.150388584330554	0	0.145566207220748	0.201542009127691	0.086581543795298	0	0.0237518230133829	0	0.0636060214532379	0.0241596095323617	0.0485895699212835	0.0237774552555752	0.0165952425005721	0.0136260445433732	0.128234360566595	0.0223669814910957	0.0183698734596301	0.0328446737886022	0	0.62471229060048	0.802458816809021
159226155	0.176844778749602	0	0.14319332562185	0.222842237625492	0.0682816033568631	0	0.0256285737121656	0	0.0598641049764002	0.0159732367685563	0.0565011748646724	0.0161652572629908	0.0147233099066664	0.0127295392790489	0.124115254164153	0.01264871302534	0.0172804483672732	0.0332084423189266	0	0.644711264850776	0.793041661463374
159225882	0.014051853985706	0	0.253921709829315	0.175036356091102	0.0743294915088437	0	0.0380804421507085	0	0.0775371246563313	0.0121328888110476	0.172519725474837	0	0.0184002019287589	0.0098592578170522	0.046270008147468	0.0780187511448152	7.15501580951557e-05	0.0297706382959193	0	0.614703242693869	0.80112951021058
159225866	0.0262482778883726	0	0.253037457270756	0.179793642079176	0.0781780940494607	0	0.0363262227175064	0	0.0833700592545116	0.0103505993061468	0.15389684848998	0	0.016810914800807	0.0120394603408563	0.0449576538905286	0.0682588530469754	0.00356727515091056	0.0331646417140117	0	0.634170821121582	0.790464777222839
159225850	0.0409547107568002	0	0.28234060960935	0.151215433120799	0.0381563302789236	0	0.0398726325501303	0	0.0740978939803221	0.0155376764402615	0.149586573443506	0	0.0182369678165856	0.0126762188925312	0.0338126761329612	0.104491448524999	0.00843505308125081	0.0305857753715795	0	0.640482740882389	0.780733628534365
159225834	0.0443048852766875	0	0.274939117155808	0.179558091822485	0.046943234195734	0	0.0400561376603787	0	0.0868766378632586	0.020175557838589	0.169919024224282	0	0.0167205763356157	0.0121223069947029	0.0321771722593826	0.0453992379318842	0.00161111179623057	0.0291969086449606	0	0.621478835750971	0.796768047747091
159225818	0.0757134901134573	0	0.306835377884803	0.122113215251869	0.039540535729261	0	0.036371880043276	0	0.0800376916531054	0.0321897029285527	0.143329628738943	0	0.018944340317445	0.0119048008252145	0.0493408503341519	0.0540842033602661	0	0.0295942828196548	0	0.646167544470227	0.776314850523369
159225802	0.0271136127875948	0	0.224646568965604	0.189220648240541	0.0510865749847585	0	0.0470797815861149	0	0.0814637118532351	0.0128333270002089	0.17884660880105	0	0.0148387777273533	0.00995348873536917	0.0407078396031854	0.0876542244487501	0.00482839775286591	0.0297264375133686	0	0.625871873595711	0.797930956667491
159225786	0.0445852963008415	0	0.252942699254362	0.188103155261037	0.0474377847694475	0	0.032134597112405	0	0.0821729027742946	0.0242235604100018	0.161240720671017	0	0.0157059344828175	0.0111929825849825	0.0369775137561122	0.072810366573282	0.002593637350142	0.0278788486992575	0	0.647452121274598	0.782392227136502
159226119	0.00779885758432829	0	0.275334711214352	0.174829871101363	0.0559152842321522	0	0.0506914744995463	0	0.0601052426740641	0.00881744095127662	0.125707387945687	0	0.0148741395836883	0.011664354173776	0.0320499632885085	0.141186466245003	0.0124866021811932	0.0285382043250612	0	0.63714506900897	0.780772073889288
159226103	0	0.00134363619638236	0.322196606965068	0.160877627796546	0.0918347544056731	0	0.0531605883129792	0	0.0613419477556179	0.00526492452641259	0.154176248951933	0	0.0170904722043954	0.0112341083050686	0.0447943818390642	0.0428134684415089	0	0.03387123429935	0	0.648454291745353	0.773648365568275
159226167	0.075451291783207	0	0.262686540067276	0.142316765207929	0.074738223222084	0	0.033761761146423	0.000929608285144385	0.0637142809102217	0.0221192435935177	0.0995240168223349	0	0.0190221300863723	0.0156448677363176	0.0660005969786786	0.0845187402507696	0.00720036026942672	0.0323715736402974	0	0.642930229827092	0.781139199977631
159226151	0.00837349204473532	0	0.264499303118543	0.218396809353965	0.0817399368852293	0	0.0694705556858592	0.01695500413801	0.0474849016273544	0	0.155164776549608	0	0.014420589983371	0.0124827092320066	0.032984246025816	0.0444130765072892	0.00216517344813104	0.0314494254000822	0	0.642876085544165	0.784909098711196
159226135	0.0294985083834145	0	0.252144203649529	0.188924743230583	0.0570803949143124	0	0.0502076363262062	0.00520544728182579	0.067849149425731	0.0038703184324221	0.179929116971977	0	0.0153529983303444	0.0114031121115345	0.0292606264586944	0.074236393599069	0.00530862649022166	0.029728724394135	0	0.650237782335219	0.781261174611679
159225722	0.0490229900930909	0.000312094165915648	0.224352345445825	0.21546350243617	0.0662790618995314	0	0.0567149878844602	0	0.0820831236061417	0.0181154522803474	0.17510079739126	0	0.0175382193819902	0.0117844053455975	0.0210372672770737	0.0303723759173812	0.00435818961466766	0.0274651872605468	0	0.576701947392634	0.829319439950174
159226215	0.00919252389751752	0	0.262377167668629	0.124263463025527	0.0848084406590028	0	0.0320988946705154	0	0.0642237095275364	0.0184145890982469	0.14104783581562	0.000905788352757769	0.0189587729102242	0.0132499090614505	0.0312450734008123	0.159407827855433	0.00467726557231731	0.0351287384844099	0	0.638120144408552	0.779786186463914
159226199	0.054064930740713	0	0.231941052415092	0.232693142034865	0.0476482003203899	0	0.0486377941885961	0	0.0824193725985955	0.0120361191098844	0.190742466643461	0	0.0160035719084936	0.0108675402869869	0.0289648943508518	0.0170530577327528	0	0.0269278576693186	0	0.607327242167797	0.811578704974348
159226183	0.0495836844985785	0	0.230873689633131	0.176008902669059	0.0646791503952768	0	0.0334661296752838	0	0.0704455373380066	0.00718392552635685	0.125255161077826	0.00123417554980924	0.0153979702545118	0.0116142739342724	0.032994166371484	0.144930009636358	0.0061809879401266	0.0301522354999198	0	0.638182553722262	0.784406155418132
159225770	0.0482199676672846	0	0.26606175588319	0.111571389365628	0.0264368542419265	0	0.04485134125368	0	0.0588012326001896	0.028451345098925	0.0992808519536485	0.000356574651861045	0.0166336281989209	0.0142321464537601	0.0552389805238178	0.180912548107339	0.0185954201789135	0.0303559638209151	0	0.655792840975797	0.764205704392728
159225754	0.0542107492352632	0	0.254206229415789	0.19032508793952	0.0664254212256048	0	0.0445981163726816	0	0.0570493658361177	0.00759827608982058	0.141229300736972	0	0.0159017363737152	0.0153492890548937	0.0277517811678154	0.0941666507218816	0.00101393250988084	0.0301740633200442	0	0.655541497660543	0.776152325403054
159225738	0.0246068441863755	0	0.341933367474564	0.120510918587065	0.0699354993081037	0	0.0343648387334764	0.0229588817868347	0.0468347699613602	0	0.162429771875179	0	0.0104407171045847	0.00974802143409533	0.0248575569924542	0.0985094753333587	0.00727738783379992	0.025591949388749	0	0.673439832578924	0.750793993945477
159226087	0	0	0.227746528274807	0.113193195768269	0.0487749989384405	0	0.0348866995669206	0	0.0805996687496505	0.0282061268701123	0.101968237395786	0	0.0202175887580646	0.0141598733482782	0.0480530237418703	0.204918511987326	0.0243028215501527	0.0529727250503214	0	0.628104691953677	0.784175506837208
159226039	0.000602674643566097	0	0.331974198307896	0.0145527004883328	0	0	0.0198851703661756	0	0.0994872822391572	0.0439083788359884	0.055300704345686	0.0116042992231265	0.0292738766643929	0.0139694153064052	0.0659458093983211	0.229965272073368	0.0249247143037765	0.0586055038038075	0	0.625117539188889	0.78132161190819
159226213	0.145686593995288	0	0.19551350871365	0.208176568439985	0.0916805890274954	0	0.0304633258349341	0	0.0673176404323559	0.011359320731571	0.0745786873411482	0	0.0147322195661412	0.0111839789383207	0.0663145315767612	0.0439990406234594	0.0140343296117774	0.0249596651671122	0	0.655870120023848	0.787289894942302
159226165	0.0536813274042372	0	0.27924397685871	0.143951691670359	0.0479419969936337	0	0.0397135907989746	0	0.0783399516072313	0.0279238671446989	0.131658699286314	0.0103768294343077	0.0214677956809519	0.0136590567661493	0.0603667548102979	0.0517994797321863	0.00882075567451619	0.0310542261374326	0	0.644843925929336	0.78035890600947
159226149	0.0908125135788691	0	0.170368938050088	0.213991932941331	0.119042894007068	0	0.0412458323956559	0	0.0654995063614578	0.00578696612484284	0.0975078184208655	0.0133412247067642	0.015265921460791	0.0131912024589389	0.0896424665579412	0.0206935267329129	0.0124739036675636	0.0311353525349101	0	0.63299947242631	0.802262047786457
159226133	0.0698499632237985	0	0.268497897091971	0.147975322998449	0.0831338701787121	0	0.0470974613334358	0.00848004045399313	0.0665544700507672	0.00995601025572117	0.117501533456446	0	0.0176912913277983	0.0128952738769782	0.0555360645041283	0.0551063179194222	0.0109239439476945	0.0288005393806845	0	0.645074248549526	0.781885929634094
159226085	0.0736785506553427	0	0.168773068785349	0.161766149758296	0.0852806681377536	0	0.0466171942446961	0	0.0614443812272148	0.0152197391844624	0.0942358752486366	0.0140558102922917	0.0185987234142745	0.0164991153119173	0.114444064381965	0.0690559768587493	0.0196873344246068	0.0406433480744433	0	0.620880759589413	0.801631563164036
159226069	0.124394427545622	0	0.154693034593719	0.189139603910609	0.0906704515125295	0	0.0319847244934561	0	0.0657095371083277	0.0131693496512267	0.0895453987719351	0.0186174416660155	0.0187040026190433	0.014147642902417	0.0699264900775071	0.0787261349844129	0.0157133869026748	0.0248583732605038	0	0.644399292049378	0.796473915792629
159226053	0.00450910684214001	0	0.343031461591383	0.124320415593251	0.105443075950791	0	0.0425771104143745	0	0.0604759301228362	0.0134006774420344	0.146106162517283	0.000553002028165141	0.0171483406016924	0.0134616704809145	0.0512209810749322	0.0435936560552445	0.00575149001022092	0.0284069192747379	0	0.680684731306661	0.748461996547125
159226195	0.302693173865911	0	0.133215992733886	0.164760018843063	0.0448190947504726	0	0.0157604675632292	0	0.0566776779850245	0.0333062322766047	0.0225322396528209	0.0172063049226615	0.0137852948937094	0.00916722417768687	0.106847747984776	0.0369291974277476	0.0118887565730014	0.0304105763494059	0	0.639828375414615	0.799233131637253
159226179	0.205514962825401	0	0.149202115606777	0.215312702635345	0.0494114895848173	0	0.0265793798981792	0	0.0658033457790674	0.0262515688404373	0.0714802583220972	0.013128587853466	0.0152157738107715	0.0134149290632196	0.107293145407158	0.00377656301298367	0.00818553257587242	0.0294296447844082	0	0.638409164633011	0.799174317280709
159226163	0.13451341730106	0	0.12139758458709	0.207838290320271	0.0412933073749726	0	0.0392501225314798	0	0.0663860966133454	0.0282209099549255	0.058195070656555	0.0199258795737244	0.0172461979892111	0.0123503104595843	0.138538757681578	0.0666760158599601	0.0140268222232556	0.0341412168729875	0	0.639362987955621	0.79177008453473
159226147	0.186856230158225	0	0.118498709872915	0.198760633945197	0.064260416296951	0	0.021998465160383	0	0.0614897686872395	0.0190248865219902	0.0637267662790709	8.80439579300888e-05	0.0149648732666497	0.0113897425008631	0.0865657308280662	0.115034778678134	0.0132300631943173	0.0241108906520689	0	0.651626458284065	0.789283725395288
158158349	0.121366928923024	0	0.156327751872413	0.274093438145565	0.112289224023202	0	0.0324829949843758	0.00289672252803505	0.0566220544571359	0	0.0990425292178942	0.0116181799340582	0.0123881945535466	0.0127114668225886	0.0505954130319532	0.0234141710426437	0.00677113368131281	0.0273797967822529	0	0.664657460003841	0.793227897696056
158158219	0.162381893518124	0	0.126913289409632	0.224348197409511	0.0982376296289698	0	0.034278529252878	0.00335605485939169	0.0571884321723864	0.00704604149286238	0.0715543042324358	0.00613019865825118	0.015303471391323	0.0139062990239418	0.0578113728736671	0.0838403512550083	0.0107496357998953	0.0269542990217222	0	0.632747570549291	0.807451279364356
159226035	0.0277227209119823	0	0.273316281206917	0.163280288388383	0.0633687296157663	0	0.0446805544312689	0	0.0637251103866573	0.00416062498606383	0.169754266510999	0.00398429872802485	0.0145636755587415	0.0127226365800563	0.040259760041706	0.0784278380237413	0.00470969190825891	0.0353235227214334	0	0.664414078722206	0.768596744770316
159226099	0.086098493521972	0	0.119777677732151	0.153849349048959	0.0653904644033592	0	0.00571378125292084	0	0.0584603103605204	0.00898247930100455	0.0832590213328133	0.0425701723518534	0.0173998740556935	0.0127609770870298	0.125389105599375	0.155304901229009	0.0247124821271361	0.0403309105962029	0	0.634409756392054	0.786090757654302
157772868	0.0811654575670626	0	0.167794562578818	0.218652963009892	0.085810504270393	0	0.042596764949293	0.00593637235799942	0.0534217037791797	0.00263416591104744	0.0978346471708186	0.0146796640046538	0.0180569863673928	0.013398804767006	0.0856728888605978	0.0641901768707538	0.0121643413095425	0.0359899962255495	0	0.654600839505759	0.78749084766683
157772849	0.0736228656430499	0	0.086731902386426	0.138632262913991	0.0688624388345609	0	0.0193833055421504	0	0.048927911187275	0	0.0374578170177475	0.00694890469490145	0.0145693721287245	0.01076041631007	0.0781538944027521	0.370796340464684	0.0176152752239859	0.0275372932496811	0	0.690805494737743	0.72395688995352
158158257	0.0875746350332859	0	0.155726796220201	0.257389348519587	0.105253059278469	0	0.0486424464422942	0.0297099948220781	0.0403601846430947	0.00387634992751402	0.136319383806569	0	0.018373769213322	0.0117719097238146	0.0318400351237798	0.0429642689434436	0.00359531745135637	0.0266025008511907	0	0.691332022235294	0.77745000304997
158158305	0.123408891302342	0	0.154701182148442	0.230243661114646	0.0546899223617432	0	0.040732095153207	0.0132106765030171	0.0632403481422535	0.0101775694485778	0.122871832002708	0	0.0191335963443715	0.0136558966949525	0.0518444499540876	0.0713676548768102	0.00505505692630168	0.0256671670265394	0	0.68160003399497	0.778410002018407
158402926	0.0500207708712939	0	0.14978737545064	0.180968031449311	0.0768518123300622	0	0.0298859726721885	0.00850731364601828	0.0517659625580974	0.000189282610808609	0.135995401489432	0.00540517713491249	0.0191946619412631	0.0140963963348628	0.0476452236295506	0.182410477006905	0.0135947840797818	0.0336813567948721	0	0.658052193686717	0.773952894620111
158402894	0.0913513483430686	0	0.167493439350957	0.233060345975175	0.0584062143075974	0	0.0427742726982713	0	0.0771826866354965	0.00661058217610693	0.170590468457946	0	0.0199916230819701	0.013577487123264	0.0280784772743097	0.0590187871864269	0.000714998782358892	0.0311492686070514	0	0.650175283117019	0.79738775426914
158158255	0.0825418000381961	0	0.151547574210439	0.206743362932755	0.121026172250835	0	0.0458930989979542	0.0177336297807278	0.0374185296302756	0	0.124018517707981	0.00386322003782495	0.0174516159020911	0.0128593151425063	0.0555418297759196	0.0859565447915395	0.00339730502971564	0.0340074837712403	0	0.681980918163672	0.776795556986748
158158319	0.106871030207906	0	0.153206431697313	0.252415570285666	0.0975910274082905	0	0.0466133055565665	0.0153116889913522	0.0493099865513881	0.00314974397099012	0.132997992764154	0	0.0140640165026289	0.0114606298407194	0.0258911489118245	0.0657325239389636	6.99194884880833e-05	0.02531498388375	0	0.682745792441218	0.782275498245826
158158367	0.0678941410268312	0	0.184818929663102	0.253470727958127	0.124520430644203	0	0.0555438523279578	0.0235293635183107	0.0414462591774456	0	0.138794544679665	0	0.0157659317118357	0.0101434917593329	0.0337507910794673	0.0213037839852467	0	0.0290177524684755	0	0.693559506284241	0.772532676332174
158158379	0.0879722397889382	0	0.159548120167393	0.183456186230357	0.0895767238375566	0	0.0327581349510297	0	0.0642450111449487	0.014797477181907	0.113213348289334	0.000947579627964607	0.0154115607508892	0.0130967037181548	0.0408152504403746	0.141449966099224	0.0136623272959387	0.0290493704759892	0	0.689146527505757	0.76405023764279
158158221	0.101880386561003	0	0.178705602607651	0.251197658603117	0.102394247511015	0	0.0472096015219364	0.00147931010729509	0.0655807450652229	0.00225618976895165	0.111318695618483	0.0086496446410314	0.0152726815457064	0.0136168094039419	0.0520350307051593	0.0169444199710841	0.00224225544962061	0.029216720918781	0	0.69138271356948	0.775270477741787
158158301	0.104980652547174	0	0.192939688801181	0.207138798431062	0.0866899692646302	0	0.048596020613983	0.00429170340038654	0.0600541055451547	0.00628353789385133	0.109399993945632	0.00268813283438206	0.0161755074682321	0.0124264849812917	0.0554517555906566	0.0635156411264759	0.00381235909220884	0.0255556484636987	0	0.692342705802337	0.76707505315534
158158381	0.125209143177316	0	0.115836925125599	0.191999791678929	0.0784203352696978	0	0.016373999913454	0	0.0565073624746523	0.00956078111330106	0.0542637594877204	0.000917911607510239	0.0141231297559472	0.0124583060508902	0.0782898983396467	0.211378732841348	0.0129401640255805	0.0217197591384067	0	0.692231532861006	0.74649014389958
158158249	0.0348739379140729	0	0.194826537971768	0.187387291086249	0.102790718474277	0	0.0622993616189551	0	0.0673146816300154	0.00519547905911093	0.145313448129146	0.00325135928758939	0.0176676321883823	0.0128908706227079	0.0572143230011832	0.0705198606017961	0.00206458546875197	0.0363899129459951	0	0.688982200947742	0.768324308562364
158158297	0.0457906437711644	0	0.163154720600512	0.203934247812468	0.0992147211934599	0	0.0567885447155649	0.00167030329459283	0.0598117509938628	0.000292497595614636	0.113316212898399	0.0105277894365792	0.0137785913630729	0.0125471328937266	0.0733886842284102	0.106909589429057	0.00861486882989741	0.0302597009436178	0	0.670329110292025	0.776711237020761
158158377	0.127941594134368	0	0.135531780554581	0.246532530713832	0.111611605306016	0	0.0511820169423006	0.014724128154268	0.0445647100274701	0.00249555032395913	0.0777094801194703	0.0134860740225442	0.0161627897836303	0.0117117155557168	0.0516605849381622	0.0584116470498237	0.00635491807678302	0.0299188742970747	0	0.686267668684349	0.782802732413113
158158361	0.142438316403956	0	0.166333675030829	0.23280010312344	0.0878147316902966	0	0.0365916631160092	0.016916116641947	0.0495972342219123	0.00231723775013668	0.0970196842080991	0	0.0149114636911404	0.0126230734724871	0.0554429979401235	0.0563719722462746	0.0036789360453216	0.0251427944180268	0	0.677727762105682	0.77947953595939
158158393	0.148395479738557	0	0.126523959834819	0.24723151328716	0.0882047568222768	0	0.0454870791342603	0.031966222940117	0.0422647814105033	0.00100777894728637	0.075699250823241	0.0100865990758733	0.0140838377717776	0.0118321944795249	0.0654667427959817	0.0586562847759455	0.00509459280740239	0.0279989253552748	0	0.669567174968247	0.788065913746
158158283	0.150920661035613	0	0.139606343741459	0.225451770810588	0.101195512417723	0	0.0345688107892532	0.0306745370819982	0.0463093092522422	0.0113862542286346	0.116935086076766	0	0.0162091866860537	0.0142459411946144	0.0568154791101938	0.0199565632862264	0.00763333977786897	0.0280912045107655	0	0.675532444643761	0.787624121265325
158158389	0.0429001840142206	0	0.210362814442543	0.182380604467379	0.076358452990381	0	0.0476994646201724	0	0.0737056300085884	0	0.183245220194941	0.00382924968304558	0.0173834604492741	0.0132555040744637	0.037772953844601	0.0740092844145356	0.00236233833869955	0.0347348384571545	0	0.680439705071766	0.770863513006721
158158341	0.0760424550073581	0	0.214575986891505	0.150782821455601	0.0641231275984088	0	0.0446023282583119	0.0160568973527672	0.0690175350596076	0.0166668120220668	0.153601380297826	0.00141835948731551	0.0212750286274919	0.0143773752991865	0.0586119738600572	0.0628542758286933	2.13764601793858e-05	0.0359722664936237	0	0.684723835290134	0.765343142614254
158158231	0.0550207983016942	0	0.157260222949789	0.19660052176575	0.0789027106914993	0	0.0342220173575884	0.00405869720064996	0.058637067642876	0.00160698528572371	0.139546700106356	0.0044117096486902	0.0193413522194099	0.0160497564881592	0.0846409175492316	0.102116380209002	0.00933343703913889	0.0382507255444411	0	0.670468042827698	0.774976867905285
158158215	0	0	0.266720890899108	0.162109940011472	0.0982179545345928	0	0.0644456348420162	0.0032537703508186	0.059212251159535	0	0.150895279063616	0	0.0184594342034147	0.0123731900916408	0.0454410888032394	0.0815547678337076	0.00266011781305685	0.0346556803937828	0	0.71113478460644	0.739662954783085
158158279	0.0908124859870468	0	0.165961265525351	0.192043961253618	0.0997994034128443	0	0.0319617749404356	0	0.0594734726052061	0.00383713940029976	0.126421868452155	0.0031406235481639	0.0157548865067385	0.0131845604089675	0.0346992476360734	0.12155175285105	0.0114997338195556	0.0298578236524948	0	0.690776990483812	0.766700985666725
158158295	0.141467156485571	0	0.119551266977096	0.245309853324406	0.101251397025612	0	0.0350025882394857	0.0329047053698161	0.0359372464434573	0.00286950657627476	0.0708215567683581	0.0119314545441655	0.0147619249602969	0.0125647389335767	0.0585450567166719	0.0807142940639135	0.00734453132881138	0.0290227222424872	0	0.670008361935584	0.786657840971692
158158217	0.163443414982999	0	0.146298544888101	0.258628261389322	0.10181921865455	0	0.0379836111819759	0.0244116565803003	0.050458625758691	0.00270103365894761	0.0770866083385463	0.0118352101748863	0.0146051829748515	0.0111796899804559	0.0526589394238974	0.0198645499539834	0.00124158178171339	0.0257838702767791	0	0.683458888758464	0.783655370876726
158158275	0.0776003543775578	0	0.178303460768058	0.189546254148324	0.0926636171052192	0	0.0479913582924059	0.0184435900594077	0.045196749127613	0.00134159980599078	0.14262588479289	0.00538516687832292	0.0209977119250254	0.016164512234618	0.0431570469373568	0.0799347746743405	0.0082346208508656	0.0324132980220043	0	0.691473858933745	0.768433097686793
158158259	0.0142898525613938	0	0.243565282572645	0.178695650282773	0.12528402800774	0	0.0504657300913321	0.00127051785489431	0.0540222449248652	0.00331688436676068	0.16540368503215	0	0.0201697851481365	0.0138711062737445	0.042164672036731	0.0508924887759612	0.00208797200051127	0.0345001000703614	0	0.714056406553488	0.746201851331465
158158371	0	0	0.283058679367168	0.120822537570058	0.0699761440993984	0	0.0433126835432818	0	0.0716623252145539	0.0135658193221998	0.167247869278023	0	0.0175427835932447	0.0129926754824392	0.0448078384856305	0.116262686956344	0.000993792126680029	0.037754164960978	0	0.708418554219118	0.733842506496815
158158245	0.0535700462113966	0	0.160696678988335	0.259862343854512	0.134414748953854	0	0.0447405385725836	0.0270224776167317	0.0384468322635858	0.0014625947845613	0.114195352456091	0.00376611072034	0.016696983010294	0.0110744296354488	0.0369247374422089	0.0632379067967266	0.00286542032576473	0.0310227983675661	0	0.686272436236792	0.77663911682458
157773006	0	0	0.288950511800392	0.086328371915508	0.104874406597173	0	0.048373398244793	0	0.0541198266289231	0.00809832346314865	0.123209562317935	0.00786718102449576	0.019503725544862	0.0123915091641111	0.0647057536410257	0.140950228367917	0.00835274500625216	0.0322744562834632	0	0.705673768172654	0.730523850610742
157772864	0.0728635461407744	0	0.142941960141207	0.219107994031638	0.0826576836241502	0	0.0308820061863175	0.0113237995373961	0.0625486602512758	0	0.169244173148317	0.0138359027586451	0.0173653280168637	0.0148763803568525	0.0297338886013216	0.0922677095908131	0.00369716133086459	0.0366538062835634	0	0.663360872652148	0.789507170401965
157773040	0.0705737272038659	0	0.239652799504735	0.134338168373025	0.10420697740425	0	0.0393544917354139	0.00342212006530237	0.0586635252455679	0.0118572168908004	0.142257912024044	0.00665216112859322	0.020225519760085	0.0153929954903351	0.0467680663635926	0.0703609163499099	0.00191194660604608	0.0343614558544329	0	0.706245575864306	0.749410502445225
157772944	0.166995326333242	0	0.110084636628664	0.207099917249285	0.102937024258822	0	0.0385978602637975	0	0.0605028897316906	0.00681489187569842	0.0699943246475853	0.00826031554362917	0.0147947736348571	0.0105770247245956	0.0635829928968793	0.100853804160183	0.0152319771618604	0.0236722408892104	0	0.688597012257585	0.778998462332815
157772912	0.0374824328981434	0	0.15555169326472	0.263652215024201	0.138374488373559	0	0.0552446853010598	0.0285074426338329	0.0346111379770231	0.00242728045531771	0.112834818992726	0.0115405149787599	0.0140894883727854	0.0114094265121695	0.037575020548452	0.0625294907332312	0.00468459830540504	0.0294852656286141	0	0.681544055959166	0.780363989425589
157772908	0.157299671116413	0	0.112721910321829	0.20327527361408	0.0924529936637683	0	0.0252141896423642	0.0122880468182947	0.0444420820752633	0.00259249550822086	0.0805418591363819	0.0277286230359271	0.0143073574013164	0.0121551956641627	0.0806352833791031	0.0846667957951519	0.0114506757083384	0.0382275471193862	0	0.663938557035155	0.789019255630364
157772876	0.0149889861854092	0	0.231806740358654	0.147688078267069	0.0875500635418108	0	0.042867427246522	0	0.0586596750762823	0.00599224573648029	0.129778096006526	0.0117276228215777	0.0220649228234919	0.0177293747918083	0.0803283245117367	0.0995429049441937	0.00992503716773478	0.0393505005207039	0	0.678299947225863	0.760461464487238
157772972	0.0216275671755667	0	0.253753889593689	0.134717389047702	0.0969344160071651	0	0.0449783143889532	0	0.0586884878684885	0.00679556665807121	0.137186975564284	0.0136687529861251	0.0216321964809812	0.0154587177198047	0.0753587242064974	0.0705813647408657	0.00692689630574076	0.0416907412560658	0	0.685514142132263	0.756332111746323
157772894	0.166545384638515	0	0.134422513215041	0.239539885762414	0.115886384699673	0	0.0458591875519656	0.0353049980967557	0.0293633616774441	0.00799948739458559	0.0523914627178202	0.0232491084390112	0.013732712665431	0.0129203701980669	0.0696076283931452	0.0148250141382751	0.0110238547585908	0.0273286456532655	0	0.657242239245374	0.795865085639085
157772878	0.178175045264645	0	0.121192561068623	0.205613713755789	0.0791258700516286	0	0.03470286126823	0.00527435475983815	0.0565010011872111	0.0131119811202741	0.0563517162839028	0.0387477914248659	0.0168690531321443	0.012265528673534	0.119541241048821	0.0167087453092578	0.0129435091892252	0.0328750264620105	0	0.651771001695186	0.79337857404617
158158243	0.177588957139551	0	0.135390689474877	0.255034688771559	0.0911076526966964	0	0.04070521681366	0.0176083795088815	0.0593266377982192	0.00314464554393793	0.0982297060680399	0.0083737327585153	0.0164284371347559	0.0133200335958504	0.0409665736720255	0.0133165376960311	0.00329356127714911	0.0261645500502506	0	0.680316868684568	0.790718778763608
157773036	0.156140340911641	0	0.130229030381148	0.2595288229386	0.123175153258784	0	0.034799916245466	0.0265211335992153	0.0476508196206401	0.00287348204369866	0.101591940219613	0.00414719452509782	0.0162915008633086	0.0135266349788321	0.0416575730663576	0.00852332976700928	0.00330776995870968	0.0300353576218786	0	0.676856399120957	0.792493104991696
157772942	0.146782528337066	0	0.125129435008791	0.236937434429701	0.0809991128977637	0	0.0363292674650996	0.0192175799634673	0.0401223687061758	0.00119299272829808	0.0610681481233491	0.0115378175486919	0.0137887503671749	0.0108314962737366	0.0652634075669907	0.112370494748999	0.00962107785182008	0.0288080879828751	0	0.674979195415457	0.778171649194021
157772922	0.0818319319568064	0	0.0991000252711677	0.20213508435238	0.0592928787635391	0	0.0185321586662927	0	0.060182800174368	0.011126673354327	0.0741309552714891	0.0497126205441746	0.0161794767055477	0.0142430906297827	0.143713047970827	0.107158078547203	0.0161871323358847	0.0464740454562108	0	0.643715320374439	0.784976637102801
157772970	0.172194209071873	0	0.135798112938473	0.251466015526094	0.115374781174297	0	0.0389736544189145	0.0179384646716894	0.0422481907506286	0.00316893156652347	0.0612446611863546	0.0254617444054479	0.010826832281149	0.0123549871399399	0.0523149160379259	0.0239115636161052	0.00568533657458777	0.0310375986399965	0	0.682835837009212	0.787198507536768
157773016	0.121586370776169	0	0.131431175909999	0.234800163769379	0.107495515582952	0	0.0369474173363625	0.0238442745218882	0.0295888835349555	0.00357905797960368	0.0700058936608711	0.024760561584521	0.0164919179912125	0.0139632514205678	0.0540298029224318	0.0908382596394934	0.00805605529660413	0.0325813980729897	0	0.683512543268227	0.77759152187828
157773000	0.0662859528622473	0	0.170054460813562	0.220084672992639	0.111375445383867	0	0.0459370292230834	0.03477807807808	0.0346486369607075	0.00317250467343324	0.103310801559255	0.0135855416070029	0.0153156034504673	0.0152721388247388	0.0506608460619145	0.0794446337301163	0.00262309814254412	0.0334505556363412	0	0.68286570932516	0.77189457247411
157772874	0.21791560165677	0	0.133792745456683	0.205726225196954	0.0873236265528141	0	0.0173965349537878	0	0.056400883413993	0.0120390970102251	0.0388126775855073	0.0245960216884202	0.0113637167189264	0.00979777181304686	0.0913434850592218	0.0545711201007063	0.0124249330742953	0.0264955597186481	0	0.67408409982718	0.783005921909092
157773032	0.132716138173754	0	0.143627534841033	0.262210939299877	0.119242299635256	0	0.0427487636277148	0.0438781006646596	0.0308688777464907	0.00724297882942001	0.110901518515803	0.00465456498161062	0.0167273021781378	0.0138600937448071	0.039646085375627	0.00221667639925583	0.000939241672721761	0.0285188843138306	0	0.696453463600267	0.777128346670818
157772998	0.0889724185895521	0	0.163864721542022	0.217835215865316	0.129975702815157	0	0.0372380261025091	0.0237192699797075	0.0357876683395925	0.00321531816212709	0.100066391669168	0.017752713352451	0.016967588369274	0.0144125706672776	0.049094597694011	0.0659354644545142	0.0064488562199575	0.0287134761773633	0	0.683565765583006	0.776273204971915
157772856	0.0753945581223162	0	0.181821764918102	0.180199116196639	0.103028433947412	0	0.0346519366016228	0.0035809169753843	0.0567857808961216	0.0132432957686209	0.119475484783038	0.0058660698291533	0.0203924427929716	0.0148451687878305	0.0499038782565662	0.100269140261242	0.00937185608997255	0.0311701557730065	0	0.689415743152151	0.766304443589388
157773030	0.113326036801041	0	0.143599882190337	0.223514265302539	0.102298806147425	0	0.0458686833291704	0.0218574906422527	0.0437695253945668	0.00388038024038068	0.113534070087234	0.00211455272682962	0.0184458771292815	0.0132863478653191	0.0501676305885071	0.0683106240118339	0.00678683690376579	0.0292389906395162	0	0.687927713541418	0.777927642143443
157773014	0.0776087076787962	0	0.188375524719974	0.167911473087823	0.0832908830522632	0	0.0181734229838837	0	0.0652508699924357	0.0149436614344413	0.122861568408624	0.00874460379537619	0.0237909851883873	0.0173646802197494	0.0782122863472716	0.0784796361792733	0.0151597103179013	0.0398319865937996	0	0.658711404781633	0.781216991352337
158158211	0.18382999410189	0	0.122250168363212	0.233468098635515	0.120181121660882	0	0.029421923883487	0	0.0576780768678404	0.0108179258809723	0.065348253770214	0.00585194034424293	0.0120210006002546	0.00969313152323773	0.0550528370364573	0.0612637666281027	0.00867690143504345	0.0244448592686482	0	0.691437771284343	0.783610359220216
157772872	0.125925853605348	0	0.145301634007079	0.219871960092643	0.107415241608742	0	0.047771101655631	0.02499511419884	0.035553201303387	0.0035380715632476	0.0780475253818066	0.021135145389713	0.0157383910963689	0.0126045762285211	0.0546001063300348	0.0644056654074447	0.0101746820014571	0.0329217301297364	0	0.685475292024805	0.77870911025896
157772952	0.225611479152353	0	0.107042933334159	0.201268808270176	0.0714341757668848	0	0.0237484019496121	0.000241813836396794	0.0509226260813692	0.012383465098113	0.0402426182180708	0.00918478379017518	0.0129413597655837	0.0103888372334895	0.106764513840598	0.0882354820485216	0.0125936717245583	0.0269950298899385	0	0.691538977762063	0.769365951276932
157772918	0.124015521388894	0	0.133021629941048	0.223326554431897	0.1041203208036	0	0.0305078854805398	0.0147677259884454	0.0348908613112032	0.00301269467595841	0.0871876599226341	0.014885391686604	0.0169289779184609	0.0136634743662915	0.0705647518791203	0.0898121151536222	0.0106740815316016	0.0286203535200787	0	0.681776822294701	0.776683098588513
157772884	0.134841623086083	0	0.135170147725451	0.211951908536956	0.0893204618579452	0	0.026542604751927	0.00255082541721424	0.0485898506920673	0.00664523795777696	0.0711537947841518	0.0163140231348503	0.0151479579443703	0.0105498575774171	0.0948758095776081	0.0945908086481533	0.0152374746235907	0.0265176136844383	0	0.682279409404707	0.771692849208105
157772900	0.128986842689882	0	0.127970745480019	0.225002202794171	0.104235624513777	0	0.0318380909497618	0.0183087898167168	0.0425297447947925	0.00399418681680588	0.0816569831527945	0.00588048866323717	0.0155918074634324	0.0136548683572684	0.0932478180005438	0.0734824560865765	0.00488075686349185	0.028738593556729	0	0.673578550827626	0.779687807289024
157772870	0.125216744734646	0	0.190155554124059	0.190534376441002	0.059058883599593	0	0.0440002470955467	0.0137938259593344	0.0800432542712603	0.0244473328968739	0.110586322975487	0	0.0227485211520576	0.0175096406242251	0.048500993330557	0.0383751633245024	0.00193776205274783	0.0330913774181085	0	0.679903943007332	0.776163666388516
157772914	0.133983188996767	0	0.133409794847061	0.256130167763619	0.107292686494722	0	0.0418137539443353	0.025402249552194	0.0506718789068627	0.00114163239538516	0.0971622064681894	0.00244794693026777	0.0174307356482742	0.0135166852219551	0.0661686889929123	0.0253680607875724	0.000588807897668147	0.0274715151522147	0	0.688264614091161	0.781072548193696
157772994	0.145761619007589	0	0.141157549674768	0.241414492889313	0.0814679023930663	0	0.0365984302643288	0.0306154933707532	0.0542502628758161	0.00156464571203132	0.118717415863686	0.00262841051756955	0.0157324031992248	0.0131556513977469	0.058717177639814	0.0244999133936663	0.0049005292906487	0.0288181025099784	0	0.674754402510865	0.786862788698243
157772962	0.164889743053277	0	0.146087762656911	0.245896358333467	0.0780740661375622	0	0.0287347327730989	0.0394285483822344	0.0416445636764321	0.00427663718854117	0.0927069452036257	0.020794964001416	0.0148683408464131	0.0122610157522196	0.0767596387355755	0	0.00384916146944136	0.029727521789786	0	0.660745641846624	0.79002270522782
157772946	0.10135661392313	0	0.125712158942129	0.218083080617121	0.115295332674294	0	0.0239786277656204	0	0.0461791305414435	0	0.0725459633316923	0.0157775818632435	0.0112601842572982	0.0132003689337514	0.0540605623922551	0.151699166047568	0.0160182750014608	0.0348329537089934	0	0.680521876449414	0.769975018837985
157773026	0.117850649174308	0	0.134689766138232	0.233842300083152	0.0987522362230769	0	0.0347145685876676	0.0372260866210355	0.032281980574536	0.00035726718785689	0.0855506505419713	0.0126975179964205	0.0164193180716172	0.0132334621895565	0.0761716116403487	0.0683276526973797	0.00532473986428693	0.0325601924085545	0	0.676829150277248	0.778620129956612
158158289	0.10573524246794	0	0.164074515621454	0.224263005037794	0.0325816010816655	0	0.0429661070884897	0.00792979949452851	0.0622172320591096	0.00888548305682291	0.144147957822231	0	0.0186103608093129	0.0150465068964546	0.0352513223840155	0.105930291729045	0.00359304156712358	0.0287675328840133	0	0.662458512242315	0.783949149389861
158158273	0.12009143932724	0	0.194029958593822	0.227828736467205	0.0832800700309933	0	0.0279760118904551	0.0287519656558991	0.0486565305961382	0.00046329105698814	0.13547705101672	0	0.0185079156849054	0.014846154285228	0.0373017671540212	0.0335603166274698	0.00439310463691588	0.0248356869759993	0	0.662149303959352	0.784674234889342
158158241	0.0591097718903797	0	0.187687017387183	0.234596276068972	0.0957115865509954	0	0.0272734229067619	0.000155944127427819	0.0672196556946565	0.00643429131343327	0.138506526537038	0	0.0166537734660183	0.0132428215685463	0.0553116717898444	0.0625676823267497	0.00476150298911722	0.0307680553828773	0	0.661273289562146	0.784647512228809
158158337	0.165238545652668	0	0.150746284365167	0.236312040511986	0.0701852076892209	0	0.0331253546581489	0.0246411443321897	0.0416564321136435	0.00306225014161803	0.107629503464806	0	0.0173100775081068	0.013359030999323	0.0589070941527861	0.0437799706118805	0.010169570436293	0.0238774933621625	0	0.630824515767754	0.806484703274138
158402942	0.108527315728143	0	0.141924281200652	0.202807773551399	0.0676062268895627	0	0.0218620175216924	0.00220638939449528	0.0499785218548822	0.00979879981322515	0.116679632483217	0	0.0188234418559656	0.0146200982636974	0.0499293627904423	0.156308287298899	0.00853639784181095	0.0303914535119154	0	0.651423889167835	0.783539050242955
158158385	0.0418404551761402	0	0.204747379628783	0.218953450242066	0.0732548351277005	0	0.0458762697240387	0	0.0662516932341259	0	0.168268597771076	0	0.01528239975899	0.010728878398322	0.019418442695098	0.114293118557041	0.00345352136835985	0.0176309583182589	0	0.682277727379312	0.76644507461453
158158369	0.146100366867816	0	0.136521428426488	0.239300921992737	0.0452863317118248	0	0.0360773009420951	0	0.079655763930881	0.00899130622577349	0.190967656480584	0	0.0158687467027388	0.0102635840345654	0.0221825242395025	0.0424146111188551	0.00255007958738137	0.0238193777387577	0	0.645591252842108	0.807463021151191
158158223	0.110103938493564	0	0.160807659896287	0.203757637435989	0.0837687775577046	0	0.026498463875659	0.0137540150722427	0.0525767574257893	0.00737427642836208	0.123356750294121	0.00543943249267473	0.019505262540684	0.0168571513230476	0.0586519406502581	0.082800501110347	0.0064552438950989	0.0282921915081713	0	0.66093625508473	0.785714621328197
158158397	0.0699129647003512	0	0.176619909146532	0.236302111037482	0.0978122940113339	0	0.0255879539006631	0.00654099524118745	0.057431745478262	0	0.159413096238136	0	0.015548008997173	0.0133093863693065	0.0455249532278318	0.0637222953147183	0.00199852089200281	0.0302757654450199	0	0.658656454311202	0.788436440556235
158158271	0.0992608686746177	0	0.176242152868039	0.240806501292511	0.0799072730402254	0	0.0366557858052384	0.013593497269028	0.0617705650412362	0.00034490558412423	0.135869978895235	0	0.0172626886563367	0.0142131523340484	0.0567570966789857	0.0344742424198917	0.001999663285453	0.0308416281550293	0	0.677199310671312	0.77952339191036
158158331	0.0977346188926538	0	0.141176197466577	0.210106821880164	0.0911315416051383	0	0.028980064338849	0.0155518577272573	0.0516197141727918	0.00176703294520462	0.127286434687972	0.00649764664954617	0.0186278652606261	0.0163688832207896	0.0497537168975898	0.103965882677964	0.0119421136315229	0.0274896079453535	0	0.658930208899078	0.787995738787946
158158315	0.111488321347894	0	0.160905799948143	0.213824137542527	0.0872069083472814	0	0.0300679563937797	0.0190323182357724	0.0560932284833276	0.00115824457152197	0.134371340128119	0.00592003838449737	0.0156966105111425	0.0129848004321942	0.0572754072045472	0.0541563221107335	0.00788116015230863	0.0319374062062112	0	0.630052453281464	0.805408897743131
158158351	0.125569519318361	0	0.153050651738177	0.220311853911883	0.0601164280924509	0	0.0225166380336783	0	0.0615041225063589	0.00996915029733948	0.121050346209934	0	0.0143616549195611	0.0139864019683092	0.0268862453464866	0.143395436531001	0.00982933825349434	0.017452212872965	0	0.668325929490995	0.777030561105765
158158335	0.0688373600313541	0	0.142911737310983	0.259528978157221	0.0686369322690663	0	0.0215533316806211	0	0.0812337163193521	0.00795988481886978	0.194318729638856	0	0.0167327059312689	0.0127348436893512	0.0330980397606507	0.0640213395298533	0.0053859029747273	0.0230464978878259	0	0.627213991969602	0.811007528998034
158158303	0.136209922661106	0	0.153720143436012	0.251614746860786	0.042560527733374	0	0.0276117875084538	0	0.0873292629918568	0.0139506122361431	0.202260558462737	0	0.015946880567208	0.0115147392601102	0.0204468992494573	0.0111499837254785	0.00217416255488306	0.0235097727523944	0	0.630566309462429	0.812712347206147
158158225	0.122502033657195	0	0.156723972444177	0.255358335692534	0.110756495011827	0	0.0360272570066869	0.0148639088304054	0.049106859316469	0	0.120394403644796	0	0.0136270564988632	0.0134670759655926	0.049025469440475	0.0258795300357739	0.00641162608253891	0.0258559763726658	0	0.648902954100446	0.800054995514253
158158363	0.102016718241391	0	0.231714891679512	0.185857984445658	0.07844123222195	0	0.0320818563164547	0.00473032669339296	0.0689019016863467	0.0161728896935198	0.130226994391713	0	0.0187151119847075	0.0156001528112162	0.0408373287636082	0.0374990343658297	0.00552494653664004	0.0316786301680608	0	0.668054897152487	0.776179896354368
158158347	0.102309501141923	0	0.141576611246383	0.207997632930641	0.0521880470328853	0	0.0310049817735458	0.0115574912138579	0.0540207411962848	0.00578303778888102	0.11374662597571	0.00476745698891508	0.015841484539831	0.0143781968329417	0.0633598988286674	0.133630553028772	0.0165492172874649	0.031288522193296	0	0.65403416253499	0.784122027204369
158158285	0.106109849453052	0	0.126975804588314	0.211915305854606	0.0745505122487978	0	0.0397928880010481	0.00165694569541197	0.0494296193958113	0.000682353932397227	0.104707776119496	0.00102028131975249	0.0125373599367671	0.0136831344478825	0.0535213069085841	0.162139471601112	0.0154931205479398	0.0257842699490279	0	0.674321494057276	0.771115943656002
158158365	0.119023092476673	0	0.145726433683925	0.259710052694455	0.11773073339533	0	0.0399889011558729	0.00420272529166263	0.0488064998071322	0.000955709097005657	0.106840212434408	0.00722496905659353	0.0135435007902269	0.012063702900677	0.0383904790397344	0.055462430794262	0.00587562643473322	0.0244549309473089	0	0.670310380290467	0.791514935184802
158402878	0.0801197282767081	0	0.22217935454363	0.205718545798591	0.0592810633821107	0	0.0444820464739364	0.01650905573858	0.0734091369639788	0.000483725921635388	0.167720819474498	0	0.0157131795174625	0.0131623839897825	0.0229115966559436	0.0400022364357961	0.00387223383353039	0.034434892993816	0	0.662882622651576	0.781135335685065
158158265	0.0808457388524946	0	0.225603592884991	0.183743236047621	0.060421462692957	0	0.0530673021273561	0.00663863589869863	0.0655529445082144	0	0.187629010204382	0	0.0133904024571977	0.0131412342395678	0.0283006352730422	0.0517464839560905	0.00181775066748798	0.0281015701898983	0	0.691171123614079	0.764192568364024
158158233	0.099583258182165	0	0.146517078837258	0.187901732469961	0.0676290756101916	0	0.0216204018138045	0.00146988176126739	0.0576107801263483	0.00597044524317303	0.11328116318286	0.0132721079882158	0.0141293774382975	0.0132661716702425	0.0768400543057458	0.131262684483016	0.016725326903438	0.0329204599840153	0	0.648459627804023	0.786057471316758
158158329	0.120728784316911	0	0.145356855145596	0.182741936156486	0.0710478163391528	0	0.0202025384156231	0.00439032504134988	0.0554258324309508	0.00777727414728964	0.107461982724905	0.0146967850332505	0.0154943080581912	0.0173266557981894	0.0691855972938039	0.121840103036622	0.0130326806727158	0.033290525388964	0	0.655259773208648	0.7845859258998
158158345	0.0842394484570338	0	0.162898214583417	0.246044625269938	0.134063916748026	0	0.0388213289954206	0.00755661027065423	0.0491530951368248	0.0032326092606025	0.111945071110195	0.00052898181304132	0.0118031447558422	0.0127545222966688	0.0426777791753135	0.054602011526521	0.00921263224761854	0.0304660083528834	0	0.672128318091268	0.786418424934229
158158235	0.137106028806634	0	0.144684721758455	0.23361955991369	0.105950847999766	0	0.0271791291583393	0.0125244659793932	0.0460937344810502	0	0.119417860342637	0.00381234143129769	0.0154341728452784	0.0140254323235777	0.0363441170264661	0.0680435719016628	0.0119442412399194	0.0238197747918332	0	0.643679655773519	0.802556672436476
158158251	0.149185110626068	0	0.122993941530949	0.226949084730886	0.0640301669476502	0	0.0356372213917171	0.0255739261528354	0.0300608525415912	0	0.0805773886493519	0.0098198091398689	0.0177581480971159	0.0141666729333827	0.063093920141786	0.119292911879734	0.0113475781276114	0.0295132671094529	0	0.654406258680468	0.78785660650969
158158263	0.0482317207229151	0	0.150131171256533	0.24378640474355	0.123225651605258	0	0.0366324832788109	0.00653170328678101	0.0423132882857116	0	0.103898427290039	0.0113497756840733	0.0142949746669321	0.0148316106695678	0.051483254866599	0.108015633971429	0.0143728720512872	0.0309010276205138	0	0.666564457731817	0.782453310822187
158158327	0.14293654971992	0	0.145573324732876	0.236255169255276	0.0822084806682692	0	0.0281070016924997	0.0158755490785814	0.0441031481814793	0.000380919884218945	0.0788979258782391	0.00712073778735833	0.0140063084943213	0.013712062796113	0.0658945654710668	0.0878931256171792	0.0122036537139534	0.0248314770286483	0	0.648651555224913	0.793002173036046
157773024	0	0	0.256124860078291	0.111164685250908	0.108261107525573	0	0.0371412866422957	0	0.0501858375129029	0.000589855234256478	0.123521617715523	0.0108780652115433	0.0169007471197626	0.0142901280211539	0.0590448699281672	0.162083773227665	0.0159166070317473	0.0338965595002111	0	0.681552433510873	0.749362025941971
158158387	0.059185790353172	0	0.23649453494782	0.200316881948503	0.0864170664259085	0	0.0440270924718992	0.00843986612765417	0.0578661818617827	0.000349602050241601	0.162588225965088	0	0.015855745499775	0.013422823306773	0.0314570195427414	0.0442996031911215	0.00344537340475778	0.0358341929027627	0	0.685630325136555	0.765189922273777
158158355	0.0694291808505254	0	0.182844678746437	0.176920643693903	0.058477450470906	0	0.023578852171987	0.000834909873413535	0.0631586606219994	0.0081124529205022	0.174884914195534	0.00964791186968818	0.0183594856855132	0.0149705730619351	0.0406932047987486	0.121431584677478	0.00514728452542193	0.0315082118360072	0	0.660157947010419	0.779615255951394
158158339	0.0538354540268414	0	0.206324080944027	0.162142497806149	0.0911753433731844	0	0.0385191836376856	0.00538929144173458	0.0502517773631736	0.00849739163285236	0.156788130341492	0.00103657593111454	0.0192931595445575	0.0152159538109589	0.0484389360575287	0.102381599925594	0.0102799949835767	0.0304306291795294	0	0.687150946851381	0.762559217942573
158158229	0.0946223298208534	0	0.151994119987736	0.192629471698257	0.0480102297075829	0	0.022826274063303	0.00649887640224597	0.0696522017056677	0.00472852033409805	0.134459194188892	0.00174307699868062	0.018489942194276	0.0152639398580459	0.0416081491040253	0.157922002438824	0.0120442530422598	0.0275074184552533	0	0.64744238159682	0.784807313484256
158158213	0.0256598911759392	0	0.213617315968252	0.186291976797339	0.0633108107069626	0	0.0215476345928996	0.00340936346985036	0.0683462051318433	0	0.152184258991134	0.0122349769356095	0.0179994939863989	0.0170587045949195	0.0303507454980731	0.145288231583077	0.00955677840880882	0.033143612158894	0	0.658594988373146	0.773099979547282
158158325	0.100974784868067	0	0.149556129141628	0.201438568911791	0.0923252286249493	0	0.0283155809163872	0.0189573570126475	0.0473791391797349	0.00159590191168262	0.116701061177903	0.00360272168530694	0.0152247372272351	0.0141075009394454	0.0590307961514943	0.108355781777984	0.00962279740553765	0.0328119130682058	0	0.657143564824217	0.785766614128219
158158309	0.0821361092353178	0	0.127756961315558	0.1899505097502	0.102872205251724	0	0.0240275462866553	0.00458856322395309	0.0435577353120489	0.000594468367818121	0.0683981067581842	0.0233183519009277	0.013994181347432	0.0150097298465864	0.099617739362417	0.153586706959086	0.0151798816607673	0.0354112034213243	0	0.644828358234957	0.783308474870305
158158261	0.148612052655888	0	0.139363750081976	0.206418544681069	0.0875299528471184	0	0.0293951737113527	0.0182127707491585	0.0451647066216845	0.0072562429043628	0.115714224250786	0.00206400701593518	0.0153742555447118	0.0141950663351401	0.0556080743615643	0.0829563013285956	0.00861225270903573	0.0235226242016207	0	0.650717747831896	0.795163885668314
157773022	0.0647738107230667	0	0.244626700864802	0.183903164378925	0.102557198611372	0	0.0286620339175179	0.00297404969838219	0.0602873057007198	0.00461917968933555	0.111582861171868	0.000775216498685934	0.0171288145582828	0.0152714622448696	0.0627286174806261	0.0596960322089701	0.012820614375643	0.0275929378769325	0	0.682354622315699	0.761554272946132
157772960	0.128354289879401	0	0.14491147531677	0.23198013187077	0.0967233462246321	0	0.0482893150809353	0.0268042625173027	0.0346544805466263	0.00212002304237021	0.117934758813029	0.0121232499258622	0.0161723192678495	0.0139909572272314	0.0467545646785417	0.043721569187029	0.00951984821699657	0.0259454082046535	0	0.629604370218454	0.81001111034309
157772992	0.109522192715975	0	0.121406873423916	0.212344858801302	0.0969265311093156	0	0.0299390153193516	0.0021819937183767	0.0559757359256256	0.0168592020019588	0.0841007671955627	0.0129396562353433	0.0144130776459065	0.0142268170207799	0.0865583578473973	0.094676455982275	0.0158449182573164	0.032083546799598	0	0.664663970598906	0.785142178549602
157772892	0.109336855373658	0	0.162274278756099	0.180105065183737	0.0700991931475446	0	0.0243169414507884	0.0151110231337734	0.0476463843180851	0.00361673280041107	0.111868651378539	0.00945330981752687	0.0200046793804662	0.0156358847130773	0.0740073430480804	0.114811767121877	0.00913105411415138	0.0325808362621846	0	0.665831289656553	0.775941223517147
157772862	0.186759407047661	0	0.125998744379473	0.223583929293024	0.0735226490818207	0	0.0351718298550353	0.0178747698389807	0.0502849886982899	0.0125096924639495	0.0590053061476815	0.000897219188201695	0.0146092670094963	0.0132655137969869	0.0737613248484598	0.0829939998330766	0.00482996559127352	0.0249313929265895	0	0.65003419922561	0.794831020864899
157772974	0.143036937569304	0	0.10255724892706	0.206488398191195	0.0600262194727564	0	0.0194768068192179	0.00316919166312796	0.0489299480643827	0.00630758940365346	0.0557216836603162	0.00874504382915972	0.0132694217310807	0.0112139513990243	0.0695941301553202	0.213257338201322	0.0122306986157507	0.0259753922973273	0	0.66735074486008	0.764571968921807
157772926	0.14671873316606	0	0.111619492762899	0.21368627638453	0.0600692177347146	0	0.0232642003884302	0.0011153071694283	0.0499300648653615	0.010421529300334	0.0537513678888541	0.0102925168727333	0.0133965337281663	0.0122806297168505	0.0794391309415483	0.178178039780268	0.0105786716471488	0.0252582876526724	0	0.65722036643256	0.775988489666878
157772982	0.132918407679193	0	0.19321847670215	0.209644833050231	0.0731009251341719	0	0.0379244297425127	0.0134229069180851	0.0576292192051681	0.0140112697358484	0.098114730801197	0	0.0166177606060557	0.0132221008837779	0.0642364385410402	0.0425769539195253	0.0102506554251699	0.0231108916558742	0	0.684303101221048	0.770984150550803
157772904	0.197889514831738	0	0.121415039948159	0.224546452665481	0.100573405225918	0	0.0314404879503301	0.000483108799068973	0.0569734847221355	0.0127125458230719	0.0629948572142702	0.00528036612817081	0.0132374838803	0.0121673587356911	0.0509000892717083	0.0712466286830238	0.0150641595476675	0.0230750165732658	0	0.650903965778297	0.802583942034217
157772888	0.189845363553703	0	0.120258920281869	0.249545455802859	0.100296996893766	0	0.0303634046814981	0	0.0629835689143768	0.0148414412090824	0.0668937715948452	3.48819852761111e-05	0.0117804601210134	0.0110880861253328	0.0506065761523762	0.0545840611745372	0.0130763881783409	0.023800623331124	0	0.671671844854941	0.794869352438132
157772984	0.126800109595351	0	0.125609374253349	0.177939821963076	0.0686462866959861	0	0.0135422541448145	0	0.0600732977295308	0.0302302383838464	0.0733006317417917	0.0327804857481074	0.0186064127639127	0.0163897463752163	0.167184950290372	0.0284137938643117	0.0256999652479519	0.0347826312023828	0	0.668313451094607	0.769876044000495
157772936	0.228094386231207	0	0.130543999798221	0.219111748370595	0.0602756073891772	0	0.0246409445025207	0.01474032829268	0.0569552355742635	0.0322229071470002	0.047709949009263	0.00904423161616096	0.0138935956897313	0.0131013144888508	0.113217317784334	0	0.00864752771120027	0.0278009063947942	0	0.651842156150281	0.792475849221238
158402846	0.121318756267213	0	0.201506087165423	0.199321582291689	0.0661634861119623	0	0.0279847376691505	0.00771454611278034	0.0594670658024331	0.0150020945586696	0.0987674630443495	0	0.017291609490567	0.0139343887065224	0.0750372306127738	0.0558599729534158	0.00922679403357668	0.0314041851794746	0	0.668489570324829	0.775800313215367
157772916	0.0744859332766334	0	0.185442632236934	0.250189936773618	0.115885460085284	0	0.0273943351077226	0.00827850011768636	0.0595537605123407	0	0.136268138780948	0.00337571216065721	0.0159614132432153	0.0128898375470617	0.0547383039491016	0.0262297879242046	0.00697032372921616	0.0223359245553768	0	0.672101062090405	0.781869526948997
157772996	0.180430212723285	0	0.144639705889731	0.227722198692405	0.0807328553135687	0	0.024560601627783	0.0186002669804926	0.0550535163038011	0.00833957528508844	0.0727465777918192	0.0217082715931784	0.0147557004253956	0.0153985185281238	0.0868841759151498	0.00721775990739459	0.0131389462952186	0.0280711167275647	0	0.645599481657694	0.79845735908055
157772964	0.0525359337386719	0	0.14480814754268	0.17614758305833	0.0605022889056363	0	0.0173530541662913	0	0.0569310294338163	0.00191407269772273	0.119428273020191	0.00502107173078813	0.017234775346517	0.014607659407015	0.0487511974015773	0.244423800498798	0.0157043553083573	0.0246367577436078	0	0.666123763963775	0.757962427643471
157772948	0.140139609236542	0	0.138607020670723	0.249991888429383	0.0981620035659413	0	0.0270354623606064	0.00712720324831542	0.0541258229806692	0.000421296117784591	0.0747128308077474	0.0222925563412035	0.0135509696179244	0.0117412362055977	0.0534049097735539	0.0696145025865855	0.0136386984625209	0.0254339895949015	0	0.64850131956638	0.799477955273937
157772854	0.131545826799785	0	0.176024055547994	0.183760135137605	0.0380431458108594	0	0.0249608590077429	0	0.0632011229290896	0.0295773109591491	0.112904077150859	0	0.0189233546079283	0.0176123888887403	0.0553253250555991	0.110238796311136	0.0126298614728976	0.0252537403206148	0	0.673021984562754	0.773553360823937
157772898	0.132370055411277	0	0.139608325714914	0.25136233042884	0.0583545092135163	0	0.0264611644531729	0.00673061982802074	0.0501068533525346	0.00547652944311378	0.0740845248795479	0.00565732284306632	0.0155788215119882	0.0118524949417479	0.090793804444758	0.10362182083195	0.00622787225450802	0.0217129504470457	0	0.680263414765079	0.770155018166019
157772882	0.163592021980332	0	0.127670192904231	0.261060105169861	0.064725835653193	0	0.0269628272859701	0.00413898727644806	0.0563047441397731	0.0138274285413213	0.07642383348329	0	0.0147262281314357	0.0122516822205433	0.085219346884234	0.0626602847063613	0.00782491321753719	0.0226115684054696	0	0.685510094060463	0.77705301693001
157772866	0.145309164126305	0	0.145058368360879	0.261237059676463	0.0846419639069845	0	0.0230480768595672	0.0128789284260383	0.0593960000039788	0.0105390860381314	0.0926112657627132	0.000478571917629747	0.0154041759388514	0.0131263813360049	0.0913634546367779	0.0142414552227803	0.00484583386979809	0.0258202139170973	0	0.671051540549092	0.783931808161197
157772978	0.151141433385357	0	0.158189842050935	0.256707195208857	0.0892194953003862	0	0.0361877710852792	0.0291590728355348	0.0477150435230238	0.00411134926632741	0.0723840893419997	0.0266534208999646	0.0131731052303604	0.0131440396806316	0.0676486890799395	0	0.00487285877406246	0.0296925943373412	0	0.657022734243479	0.792515039368521
157772930	0.125244261356731	0	0.136351038475454	0.243452419501651	0.0614844144465436	0	0.0295683782218067	0.0331970482644012	0.0377382780105972	0.000224335950534123	0.0698289887655306	0.0102730263333529	0.0137064709689134	0.0162010934107849	0.0955966277410461	0.0901475453880519	0.00865534083804543	0.0283307323265557	0	0.639205148725179	0.792619755425695
157773010	0.13020455341911	0	0.145661567209219	0.214254719054769	0.0579303755104318	0	0.0178733903026465	0.0278546488666472	0.0506597441620967	0.00420118332248863	0.0732546314909348	0.0102904586439928	0.0148681936454087	0.0144366858008304	0.0916198742935919	0.113313915220342	0.00766425182146587	0.0259118072360255	0	0.657598823923002	0.779063262365781
159226125	0.157584848280484	0	0.140057634586699	0.234037061204613	0.0837596895453823	0	0.0254424901123197	0.00955405523984182	0.061196538355742	0.0105916649031441	0.0720107605995442	0.0153462409395195	0.0168974996066552	0.0114946166068097	0.0877824658638942	0.0334920190425002	0.0128095970136553	0.0279428180991951	0	0.628312167172842	0.807487450061297
158158267	0.098281644788907	0	0.148395586316913	0.258864060166534	0.133769874147136	0	0.0380597896305849	0.0113285790179574	0.0404983755585543	0.00247325469157337	0.0999711199256988	0.0128571125150735	0.0146445166679658	0.0101460072749741	0.045930543938969	0.0424769382536542	0.0120062279165907	0.030296369188914	0	0.656559303543195	0.797911627812832
158158307	0.0847675008793544	0	0.192935586349358	0.216222930540713	0.109524519037503	0	0.0250419542003	0.0083432641335435	0.0685845029751107	0.00591624914233742	0.127601241477387	0.0168291522304043	0.0160573097116097	0.0170548597743366	0.0690094333459084	0.00312490466015728	0.00663338444902648	0.0323532070929502	0	0.651638270463921	0.790654843300814
157773002	0.167707529959376	0	0.141929414891647	0.23645962326841	0.132656033150506	0	0.0246727149740752	0.00518654405055148	0.0460992808492191	0.00381849360381113	0.060497344849926	0.02553999539833	0.011956648381733	0.0103715465999208	0.0494998857866286	0.0380006572966635	0.016580101391638	0.0290241855475637	0	0.619219284265577	0.817821666914417
157772906	0.284833803969095	0	0.12963640599434	0.181410901416596	0.0424526409835573	0	0.0323211280459159	0.0134483909791537	0.0501944377063192	0.0197761481258277	0.0471529328577759	0.0208273097557454	0.0141560872669794	0.0112104647026247	0.0976685570419789	0.0128860466011724	0.0101652313229025	0.0318595132300155	0	0.61046759322622	0.817364520701704
158158353	0.0654666014182208	0	0.174130044393583	0.189542801903283	0.0848443651171478	0	0.028114241042109	0	0.0567589682952475	0.00958902378004189	0.11594149279948	0	0.0147252603558802	0.0134165283067861	0.0406931605347633	0.171056939484337	0.0102346455215788	0.0254859270475422	0	0.669701903079409	0.767195364032337
158158321	0.102834226591277	0	0.176046883688473	0.238786119012039	0.0959414705210957	0	0.0448665499038007	0.00456525996666728	0.0660119144473621	0.0104974124883834	0.121044737262847	0	0.0168193089713541	0.0109227791937624	0.0474338939184998	0.0363566620175166	0.00501042222992102	0.0228623597870003	0	0.671426945891699	0.785502399564152
158402910	0.104318678322079	0	0.146756702207978	0.265200184195288	0.080192003406734	0	0.049781687771034	0.0236527102690798	0.0456149296144427	0.0030421270622404	0.109268263238681	0.000320503128782971	0.0178312264685906	0.0132052180067255	0.0459247131452581	0.0589800549969354	0.00588523093010434	0.0300257672360461	0	0.670994698206216	0.786919057309015
158158239	0.0853220019859058	0	0.141468812541254	0.222264175176013	0.103243795049286	0	0.039391747621327	0.00329644518367855	0.0490980703185268	0.00478050801111143	0.117962072093449	0.00322161529836745	0.0164824031553523	0.0129926123811362	0.0614399619791541	0.102240285719055	0.00758049531390991	0.0292149981724726	0	0.660462927001712	0.787411900565032
158158299	0.083157379884601	0	0.138039307206009	0.23126674013262	0.0904135240885603	0	0.0394872582843917	0.00699554890236431	0.0505803191044224	0.00151221163170404	0.127474434344432	0.00896248039057405	0.0147878880299018	0.0142407515735514	0.0588155552313471	0.0877887599003774	0.0118943590508197	0.0345834822443234	0	0.653423839274396	0.793789343023374
158158287	0.135870423963859	0	0.160127666849382	0.244443436326625	0.081705575093355	0	0.0346045494450074	0.0123382905240124	0.0647668567187955	0.00842465565000016	0.133566496339541	0	0.0172682067912093	0.0138668080148245	0.0428912765840724	0.0226255925619707	0.00392423713786867	0.0235759279994773	0	0.654001684373508	0.797665697661232
158158383	0.113747621574727	0	0.156057428490695	0.280954621327127	0.0938478888289889	0	0.0469486967851636	0.0138293328646537	0.0622210885085853	0.00281588865986347	0.13716358958414	0	0.0162067284237109	0.0109779497094525	0.0285363604871154	0.00851763117608646	0	0.0281751735796909	0	0.673928816917283	0.790873232748137
158158399	0.0961127232599035	0	0.134249275127738	0.234110850227016	0.0890736352918952	0	0.0468188626947777	0	0.0640722621071992	0.00554610275830456	0.111264579814723	0.000590429361653205	0.0148271973239837	0.0122488497017847	0.031053068322373	0.130070244338033	0.00751883367517863	0.0224430859954364	0	0.668220396700925	0.783431588945869
158158253	0.0898092346434424	0	0.148214950398426	0.222582801351561	0.0466769064319659	0	0.0388414571603396	0	0.0723824584047571	0.00177905951294589	0.139616285796433	0.00354530714078593	0.0162100918441454	0.0123156537577024	0.0279581277272	0.145503059414752	0.00949756347625082	0.0250670429392936	0	0.642760508443322	0.791975802303599
158158237	0.128680074524707	0	0.156549686832431	0.231737490345078	0.112797270320758	0	0.0349972003862308	0.00672395137576509	0.060776893073763	0	0.103039737414882	0.00913150551904126	0.0147474333529269	0.0109308304201808	0.0404281629095605	0.0564499550813119	0.00668049140785221	0.0263293170355102	0	0.669140133808875	0.789650432047661
158158395	0.0621226589138652	0	0.181253900308055	0.192919726377479	0.0766046923527525	0	0.0340863046777557	0	0.0611887845376988	0.00895975985674238	0.125327529630334	0.00406423889955699	0.0191066562004667	0.0134495515255603	0.0376390026431164	0.142837657658338	0.00903343578160257	0.0314061006366763	0	0.651790009510733	0.782335350986794
158158269	0.100942080556871	0	0.14921289937626	0.232091787263737	0.129369963719791	0	0.0382716734554825	0.0131270711895021	0.0484464539795696	0.00315509507867362	0.121773935877927	0.00354507882716869	0.0157309696171027	0.0123789025215276	0.0473366616594898	0.0509817105214238	0.00353805701186184	0.0300976593436123	0	0.670992311731688	0.789204162613319
158158317	0.150369885305033	0	0.121257091545344	0.209787457957432	0.0677572861610845	0	0.0298459323050475	0	0.0547580646020161	0.00610293834865913	0.0713450192961484	0.00099327904755851	0.01551062528321	0.011818137202744	0.0623098056454321	0.159295627405734	0.0150691587518034	0.0237796911427533	0	0.657895488933097	0.780949749804845
158158333	0.158609378567653	0	0.115824526653472	0.203697433394574	0.0770589647596243	0	0.023991449118719	0	0.0586263015220157	0.0126679090135418	0.0625714261014799	0.00433969611414183	0.0149153890518331	0.0126570729775801	0.0900417766230581	0.127040032420757	0.0133232243793566	0.0246354193021934	0	0.666149622508049	0.778770786915401
158158281	0.139941104235368	0	0.149341397325782	0.233913030506549	0.0712402134037767	0	0.0487488327667803	0.0194763935741377	0.0554773407673048	0.010341022131652	0.0865840619409213	0.0137386576391485	0.016775180284622	0.0148211836229218	0.0784641829869684	0.0236722594662291	0.00215082917749159	0.0353143101703463	0	0.631285150929428	0.80594090743626
158158313	0.0837655167313132	0	0.165999300451008	0.25277956858623	0.111228428283953	0	0.0423572150134331	0.00953084169084575	0.0514303185819876	0.00389963921744025	0.132041623794529	0	0.0154237961706923	0.0127774885010408	0.0552749325240612	0.031523296793659	0.00280668640085563	0.0291613472589509	0	0.669202610410205	0.787233317432083
158158373	0.0584844270386141	0	0.152057733990469	0.217352065477165	0.0726936674890486	0	0.0536732083452081	0.000105162295305471	0.0708599719697299	0	0.165952751108618	0.0069610345355688	0.0193356680377033	0.0140994359339932	0.0367278707959545	0.0932163592024424	0.00350725364485076	0.0349733901353294	0	0.668017699579766	0.786210605411959
158158357	0.00106872789284492	0	0.272506362087407	0.120885718945371	0.10183260457323	0	0.0583356001194947	0	0.0600846950607878	0.016891584169704	0.134868734462544	2.88825780257682e-05	0.0240848101129881	0.0176386628271056	0.0884933640352333	0.0555673887077161	0.00453765661746308	0.0431752078100842	0	0.66396119108546	0.766686495593038
158158247	0.11527324553399	0	0.156771518317261	0.211891986284614	0.0691534089982793	0	0.0550878923488077	0.00767439024239196	0.0605577270062019	0.0076788619549788	0.0810471268833716	0	0.0190606839981207	0.0119997922906866	0.0550794527013853	0.109225950761154	0.00828015739839867	0.031217805280358	0	0.66605822327355	0.781774354114303
158158343	0.172588842586138	0	0.135864374200612	0.230849519096424	0.0959368968695115	0	0.0393803824369944	0	0.057475577753514	0.0036678932723614	0.0700011772493202	0.0123524160415367	0.0115364846661848	0.0119878588982579	0.0724576254501669	0.0535738941070584	0.00555316643065054	0.0267738909412702	0	0.652673163777583	0.797997984800552
158158311	0.0983934371306749	0	0.128285134503142	0.240301539634351	0.0978308562868135	0	0.0390471199279459	0.00136230024534229	0.0534013196342078	0.00739271130428181	0.086591455913236	0.013377053670349	0.0156955167913055	0.0143845736682748	0.110566220994373	0.0485729501388028	0.0109569942524947	0.033840815904405	0	0.661990894745938	0.78648495465961
158158391	0.140365266885478	0	0.133659363527515	0.229635515799237	0.0964880772718698	0	0.0289549208222107	0.00400465500040529	0.0482694720868713	0.00541030865781359	0.0680947448625009	0.0100814877523954	0.014497272436214	0.0126350065461479	0.0641718985361293	0.104626557437128	0.0139113229899114	0.0251941293881722	0	0.677443288134815	0.778392829021152
158158375	0.116421195213171	0	0.130197428068086	0.2181316620572	0.0822744427855787	0	0.0323017878641459	0.0152827347081982	0.0379820379754112	0	0.0754787661936992	0.00188295056668228	0.0163802247902012	0.0135570548731946	0.0640096952368436	0.157100061520011	0.0146993852847888	0.0243005728627877	0	0.683835679236519	0.763423852626352
158158359	0.109504231172588	0	0.194819967962417	0.21252403562328	0.0923959836437479	0	0.0405126337628332	0.0199877486047289	0.0637850472430806	0.00747261556019964	0.138751943000348	0	0.0152460926134041	0.0138134005388595	0.0300811954076422	0.0298891792915582	0.00348751534464242	0.0277284102306704	0	0.674062375814334	0.780668442349769
158158291	0.131494325075502	0	0.130506989857657	0.196776647702729	0.0769022845686864	0	0.031663869608413	0.00924877067073252	0.0615003045828547	0.0123048082968297	0.08462267833256	0.0127453077240999	0.0161213276941538	0.0145513783436155	0.088161315689446	0.0887824549523788	0.0109751145523599	0.0336424223479816	0	0.663460466231921	0.784518214752051
158158323	0.0231554670145996	0	0.328854780142512	0.0866290556380116	0.0468772520763317	0	0.04024846072702	0	0.069906980481908	0.0206287848115894	0.17033732966864	0	0.0208894352513468	0.0149842133384832	0.0393883688060111	0.0992137194632088	0.00499670120952977	0.0338894513708084	0	0.708409617520077	0.727987366549879
158158293	0.116245551687976	0	0.131725623555164	0.254720479776438	0.109999735980965	0	0.0417632927569572	0.00870435526435772	0.0586382442687616	0.00660812915499258	0.0715332983011605	0.0142958696419065	0.0136997494938388	0.0125998977762163	0.0955441751745043	0.0247634032806788	0.00574238222200228	0.0334158116640802	0	0.648560997933937	0.79799348991987
158158277	0.151663268199232	0	0.128842442321959	0.210983281655142	0.0981041724903509	0	0.0457719660505184	0.0162653460726337	0.0499691242226138	0.0210335001606353	0.0715453260487963	0.0107315629002375	0.0168068132025878	0.0150229441375759	0.0933112480079671	0.0343823105545998	0.0055871608636449	0.0299795331115057	0	0.667122491690432	0.788067226376415
157772990	0.0476065564491097	0	0.256187848837502	0.115672093868047	0.096441581887772	0	0.0365567019648079	0	0.0605921858397535	0.0217535088589079	0.0955467898072127	0.0046693513754597	0.01932988161325	0.0141447758826625	0.0715723007861444	0.119636198214863	0.0108323230932098	0.0294579015212994	0	0.696328760414671	0.743869336471939
157772880	0	0	0.176910967444855	0.225414270890803	0.0912106711458749	0	0.0498290456003453	0	0.0518952368765743	0.00507052811002809	0.141289939469316	0.0154718286091384	0.0162912488685339	0.0138501368655834	0.0686753735872078	0.100335894073877	0.00148170996352685	0.0422731484943362	0	0.658132959981969	0.782312125267575
157772976	0.0965503059959962	0	0.14784723954999	0.23459113980666	0.085958035418031	0	0.0396214395782811	0.000835409988244464	0.0717970097918409	0.00569926604859099	0.140773038413179	0	0.0169240921886001	0.0140015156455368	0.0241847038623437	0.0859094430805279	0.0063758823379488	0.0289314782942293	0	0.679792480062315	0.783259731742682
157772928	0.100850582022083	0	0.145155866227186	0.245577767034344	0.0815467430457963	0	0.0302342953344969	0	0.0671969205645514	0.00730236277234374	0.128101239162199	0	0.0145702204058054	0.0132827227149275	0.0255284395965125	0.109007882743669	0.00245165394638489	0.0291933044296997	0	0.681393254331324	0.778269035969329
157772896	0.00339846387978704	0	0.155420224567979	0.23704260181721	0.131853834849677	0	0.0458093355416941	0.00616487825773382	0.0392995475073108	0.00231266083950422	0.127576271082428	0.0137378799849529	0.0137885383939858	0.012766274088647	0.0373189675718445	0.132717434299892	0.00997782639702956	0.0308152609203245	0	0.668216410660235	0.778122429611303
157773008	0.16027765758734	0	0.136979102301477	0.2409920948924	0.0898844860640583	0	0.037636110747369	0.0153555522490206	0.0394701223037396	0.00189686885234505	0.0622246452134176	0.02446867636983	0.0124889713031412	0.0116010018455323	0.0672755341954941	0.0566498984615129	0.0131460823655217	0.0296531952478002	0	0.651484813389967	0.797229025306202
157772988	0.112358515453396	0	0.147917182753144	0.21760180313095	0.073626864162001	0	0.0405369503916592	0.033806542841384	0.0381038081571671	0.000813620643149285	0.119813051054705	0.00455615413596273	0.0196107893176346	0.0159917927472313	0.0590603466862057	0.0773838128693945	0.00773319158333332	0.0310855740726827	0	0.66419573784515	0.784994871088671
157772956	0.0255969293156114	0	0.242029464501135	0.142060544592909	0.121313928443292	0	0.0416851434104102	0	0.0600977941830807	0.00414053254395662	0.128416657889972	0.0106297000508766	0.0200296556319521	0.0150537495366655	0.0671980857976878	0.0742267745203792	0.00999555463947007	0.0375254849426024	0	0.699868672623766	0.750346432695251
157772940	0.092571749070528	0	0.161639015108947	0.190216433146289	0.11727368512066	0	0.0404262228889187	0.0197117320025037	0.0395606471439794	0.00168504488626588	0.120294265647115	0.0207062073015042	0.0181303729561339	0.0151045355329461	0.04895494954691	0.0694374139653695	0.0101223804570524	0.0341653452248773	0	0.65778774097148	0.790843933619932
157773020	0.0948830490501348	0	0.166255829149681	0.197234669053596	0.110912184013163	0	0.02992725301147	0.00577027459953711	0.0499936583753195	0.00298439288403769	0.0983210652459283	0.0148005441466264	0.0165887074563024	0.0145264762763755	0.055528287312972	0.0998789086762595	0.0135760162797169	0.0288186844688795	0	0.666030174491591	0.781366459558583
157773004	0.148980463125182	0	0.155737326912316	0.220840450315952	0.0864450343163229	0	0.0441674794604514	0.0244495491828352	0.0385835726399925	0.00215444521339031	0.118614242175372	0.00473371303299579	0.0165814221708873	0.0123328805280628	0.0342105353821314	0.0545033216587777	0.00984408207510113	0.0278214818102293	0	0.676322171432202	0.78502068919283
157772958	0.192880537401744	0	0.128947388004104	0.226477868417845	0.0859036708940906	0	0.0422801917252472	0.00682384164768071	0.0643737459093534	0.0214672547105592	0.066362887900035	0.00638005536027673	0.0116120052899837	0.0100941324105481	0.0880016209738536	0.0198584819106981	0.00428157659416219	0.0242547408498182	0	0.671286175900654	0.789383459018474
158402862	0.186660002428881	0	0.155716415439768	0.214613740483766	0.0685327225546811	0	0.0408033740469894	0.00620091793176331	0.0594756690677073	0.0201396486723951	0.0669587668774657	0.00651661504262589	0.012209876293607	0.0122462466928154	0.0964765697227559	0.0202045466402298	0.00959082582691593	0.0236540622776332	0	0.692186548871057	0.770835255298601
157772910	0.169012871113927	0	0.121788239242404	0.239514974024815	0.0761547187401406	0	0.036096949927561	0.0214194866067062	0.0547875057422973	0.00806947096324248	0.0649426730255063	0.0220185639375625	0.0134754663982223	0.0121300096871507	0.0882624048323905	0.0371717542163816	0.0103839000858604	0.0247710114558316	0	0.673637402496249	0.785781786230383
158158227	0.0749693990035952	0	0.103012168845536	0.184414655178742	0.0607478320198667	0	0.0155192223096687	0	0.067433401862481	0.0114724067451533	0.0731912533300206	0.0487885852704109	0.0157732485545434	0.0149873451485737	0.153338741420958	0.112545052273686	0.0197966103796851	0.0440100776570801	0	0.641380188760471	0.783483090115181
157772986	0.19299627256668	0	0.137706622393261	0.212820822280663	0.0746015434551401	0	0.0269676696220244	0.00116979537435894	0.0576108149526055	0.00237710433917512	0.0520871067020025	0.0295328456981311	0.0121228134712642	0.0107867641064949	0.0891349749535727	0.0577849678490983	0.0136269279339516	0.0286729543015774	0	0.641999395108442	0.799255555317183
157772890	0.212305894030661	0	0.11760718108889	0.216235315252576	0.0704753190921222	0	0.0417864400674016	0.00359948196600679	0.0609834516950098	0.0219054737953176	0.0582908214131184	0.0187135878302805	0.0173118802685923	0.0146117532857902	0.0921475740168416	0.0171016822932204	0.00772027080638523	0.0292038730977868	0	0.651342378845244	0.800502699891979
157772858	0.176363101953774	0	0.120757037195252	0.26216591542574	0.101137561230251	0	0.0449439106366255	0.0453240933648647	0.0256061839799507	0.00682313638988601	0.0745984280085379	0.0137300333786614	0.0147777277352426	0.0130133013623301	0.0313529815700196	0.0342428466755775	0.011247415390762	0.0239163257025236	0	0.642230193133002	0.807593845316878
157772966	0.103347209393344	0	0.206703569492825	0.203008336554319	0.0709567041034976	0	0.0322194044908188	0.0227981550289435	0.0441582474194199	0.0030836484104651	0.126829541065215	0.00257471269930023	0.0201129605239817	0.0171431563002422	0.0352828449913842	0.0839942906654702	0.00617910771758103	0.0216081111431916	0	0.718139886510666	0.745491109435998
157772920	0.15939256771574	0	0.121527222072895	0.223897111000733	0.0970829959274461	0	0.042191435906689	0.0248441473467215	0.029695197770613	0.00626943977563404	0.044188130957578	0.0346652474253127	0.0166171024215286	0.0128696783008128	0.0740801294520977	0.068311043251784	0.0134301753107097	0.0309383753637049	0	0.648961249119547	0.797592671123718
157772902	0.130117186449301	0	0.177910399968409	0.19153439209998	0.0744009011051499	0	0.032594866718111	0	0.0720768755313735	0.0229488562786912	0.0950817912340991	0	0.0173414826002876	0.0135304686017531	0.075084894867065	0.0613787374845024	0.00811115741922667	0.027887989642051	0	0.693602979447406	0.766442396936723
157772886	0.0839936469226746	0	0.192039485784301	0.188310877870399	0.110885289848919	0	0.0456513914811232	0.00854584137138713	0.0479716466645657	0.0018704934752883	0.101994455798365	0.0145024617409562	0.0187571390845244	0.0133949993501341	0.0566686618549195	0.0742290251423277	0.0104664022122612	0.0307181813978538	0	0.657843501754879	0.785096285894756
157772950	0.0437128185291964	0	0.250614803190338	0.18879455983419	0.0904747758156002	0	0.0280464402017726	0.000501780495710461	0.0603710575930776	0.00193584052355318	0.155755174595412	0.00499476654383461	0.0166529454448011	0.0135465303245335	0.0439680934956369	0.0639382482297715	0.00261521106544954	0.0340769541171226	0	0.696530140503909	0.753185803579264
157772934	0.114733893146696	0	0.132967459036808	0.201992258270226	0.0828434346827188	0	0.023936841877242	0	0.050682932428575	0.0146954331807964	0.0678702062538241	0.00425637829516199	0.0158678248199893	0.0124411545251458	0.100339618960768	0.144116157199723	0.0135121429010577	0.0197442644212677	0	0.698069116382804	0.751948947152538
157772852	0.0368560246166673	0	0.226290438575761	0.179829530694842	0.0830601906488059	0	0.0300121488965287	0	0.0592512104985688	0.00804438021600166	0.112800839958033	0.00699481480895372	0.0185473021552202	0.014883045106209	0.0876339300451294	0.0801976203824694	0.015749204712379	0.0398493186844298	0	0.67237570083189	0.765893447671402
157772980	0.166843797008808	0	0.133418809516355	0.210254127677293	0.0668288660846474	0	0.0220423003916031	0.00342634673095857	0.0605764436957507	0.00456690707554063	0.0743073350500418	0.0391137066068806	0.016789180367845	0.0131916433470688	0.0975431069587797	0.0405514618647643	0.0194780710233603	0.0310678966003034	0	0.641618124105453	0.799545371863958
157772932	0.189154049352373	0	0.140220537307119	0.235859077726965	0.0686759118649334	0	0.0351339962145484	0.0362260262526641	0.0409087894619579	0.00761761063114022	0.0667549386833513	0.0145715419320219	0.0140043355863859	0.0141740093840759	0.0729274238050584	0.029115345233841	0.00883249602612361	0.0258239105374407	0	0.647376597466391	0.797541041594549
157773028	0.109850877180657	0	0.148322122751882	0.201752613337895	0.0733221928753855	0	0.0454247436101631	0.100460417744077	0	0	0.0788455470078073	0.0457360309718495	0.0115077369982435	0.0118884100886672	0.0486784092019564	0.0974800720305209	0.00289199724770588	0.0238388289531899	0	0.720780973299272	0.739251026939166
157773012	0.058176057128919	0	0.18867199976034	0.202290521903124	0.122922100859969	0	0.0400419510100897	0.00503619576336803	0.0521040393839518	0	0.12405674353018	0.0109275367059161	0.0146868320546906	0.011138469457083	0.0598344272128861	0.0737291016714604	0.00736197183108182	0.0290220517269401	0	0.681852393710855	0.772100810205261
