Mixture	Ex1	Ex2	Ex3	Ex4	Ex5	Ex6	Ex8	In1	In3	In4	PVALB	SST	End	Per	Ast	Oli	OPC	Mic	P-value	Correlation	RMSE
126432538	0.11115328872485	0	0.131541407108588	0.267113392832248	0.134941968160385	0	0.0239816940428815	0	0.0290985067004651	0.0157941218511028	0.0904448351822137	0.0248026922402051	0.0149539418260938	0.00924123206550041	0.0393791320735869	0.0800344519861373	0.00551664703140676	0.0220026881743359	0	0.675606840278902	0.811512974643883
126432216	0.179764156390147	0	0.146369898113609	0.224854351589787	0.136174636198628	0	0.0213095962614768	0	0.0141389385950125	0.0131175953067554	0.0462969355758997	0.0515344507331408	0.0154486579321451	0.0127099386701684	0.0575307314285877	0.0418096668150724	0.0156937039688995	0.0232467424206706	0	0.670755305729686	0.807980543670813
126435075	0.0309812916557891	0.0072400488711387	0.178306465234941	0.27595491203397	0.0822058451054481	0	0.0265104897079128	0	0.0445907578371012	0.0276986675072865	0.177252564784675	0.00133062454392344	0.0247352853039009	0.00954497909910747	0.0328046203816756	0.041879383786187	0.00538280206599967	0.0335812620809439	0	0.639220992613826	0.822408423148848
126431705	0.0816144258935026	0	0.171822025230291	0.252843185843427	0.153703475070167	0	0.0293832736163291	0.0260424576997619	0	0.00413431901093932	0.104663086950152	0.013986193521515	0.0160708772213599	0.0111967563260349	0.0326417116336871	0.0619129460019613	0.0138362943262903	0.0261489716545817	0	0.679864699680125	0.804542068111207
126434371	0.136416492404305	0	0.131187703651171	0.220031716537413	0.123646257854927	0	0.0170772282850723	0.00441973787991634	0.0141868590451183	0.0111223379963903	0.0559542207828669	0.0472960593443303	0.0135557332711196	0.0111059914220067	0.0564254472434847	0.11075349643272	0.0166565127761057	0.0301642050730526	0	0.654029715689065	0.80925169148865
126432638	0.226591092407168	0	0.132540931842661	0.213620094665651	0.110829569633137	0	0.0146212237080795	0.0210178529614144	0.0108462451404036	0.0099417384676477	0.0673764121373742	0.0413526983081334	0.0119868064343973	0.0105453295481135	0.0442116659535631	0.0390120049108603	0.0148217901900142	0.0306845436913817	0	0.663174069880991	0.817293575778327
126431655	0.173095428395999	0	0.126639141756978	0.240218111798445	0.12558006191049	0	0.0117272602611974	0.00576362582477591	0.0191856646632151	0.00672255304492157	0.0681037585154942	0.0437244101076596	0.0137412109033065	0.00840436844306592	0.0342102297402823	0.0811656154847034	0.012855302076942	0.0288632570725241	0	0.64785006260967	0.824495238326975
126432588	0.131552370253834	0	0.114577996763332	0.232969805890725	0.147529196442348	0	0.0332057743518111	0	0.0305215767369301	0.00521499787353731	0.0789703988465681	0.0328731651939568	0.0142501142982401	0.010647640653514	0.0462527654287596	0.0917530381469911	0.00994959251416457	0.0197315666052874	0	0.67687749280563	0.809780413633829
126435758	0	0.00763159564593341	0.213642944018592	0.218485202376883	0.0898829376292192	0	0.0206993568826042	0	0.0443507116844564	0.0134713548056705	0.161101813310601	0.00343270998010525	0.0266489061236511	0.00830161647577358	0.0418985623882494	0.106838831957688	0.00871650308816408	0.034896953632409	0	0.685677998697793	0.7855949693882
126435041	0.160335426847845	0	0.106776574458715	0.19523082179205	0.0973932307996478	0	0.00359395897083304	0	0.0314213646543396	0.0179580669573505	0.0566216944378812	0.00871695480406232	0.0168178728931912	0.0111307158119098	0.0464539507682595	0.201119997563025	0.0153150093390275	0.0311143599018622	0	0.675558617245438	0.785282308854938
126435073	0.104942845835127	0	0.170730204095266	0.190641287933242	0.126626327711056	0	0.0278668890698852	0	0.0397057837757517	0.0190225210824781	0.0810733478417176	0.0132415281734138	0.0147348960417574	0.0144675096680685	0.0834341703871336	0.0661758669516188	0.0237977502366536	0.0235390711968313	0	0.666579696154885	0.793032344729787
126435137	0.150055785065613	0	0.187746621852153	0.2166138977876	0.115321428934061	0	0.0207409895653306	0.0107973018865573	0.0327216996552495	0.0259540976501692	0.114635832741114	0.00178085256166777	0.0165587602432947	0.009707219539952	0.0469479439309698	0.0174671683856446	0.0069318432398858	0.0260185569607376	0	0.653556307394111	0.81250392662002
126435105	0.102706128215227	0.00127666320416152	0.238208034322395	0.196482732512512	0.118903295649113	0	0.013611790770393	0.0225255508565717	0.0325666095889427	0.0209926097297039	0.112486537334976	0	0.0178157426259054	0.0105641825372738	0.0493368756088982	0.019902294456896	0.0154571239526265	0.0271638286344039	0	0.658126543919107	0.799464655330255
126435011	0.128692793593103	0	0.164840249417551	0.200450963556467	0.103195927564661	0	0	0	0.0342615649413808	0.0223398177780523	0.0817659885411254	0.00561357125064878	0.02069804433229	0.0123318379907629	0.0795267011616451	0.113388464474919	0.0179793696047572	0.0149147057926368	0	0.68886832661486	0.777597819910466
126434979	0.0575783621578142	0	0.17905099921512	0.138395513977417	0.0652770272471371	0	0.013443781825836	0	0.0315631774486348	0.0467268059792212	0.0380953480870843	0.000297084448620397	0.0398550190905704	0.0158016537031386	0.101990460708596	0.218094951067441	0.0253003055181345	0.0285295095252344	0	0.642581634648832	0.779537302231033
126435153	0.0930288803749884	0.00217925020238848	0.19952957892905	0.191934065580045	0.110237681564898	0	0.0119108908354154	0	0.038381759019651	0.0208890704801476	0.0741330419320081	0.00100320035607056	0.0195937080213166	0.012055004850775	0.083724405226059	0.0934028086631142	0.0230880951565248	0.0249085588075476	0	0.686201093865153	0.775293471970213
126435027	0.0917012650114349	0	0.157337227414014	0.257368588186101	0.129077175871297	0	0.0225250488194068	0.0103584006457487	0.0208171206815318	0.00508936160525285	0.109820932648139	0.0231753106068234	0.01316635056456	0.010245401158107	0.0477222142503935	0.0667746446353217	0.00826752992090232	0.0265534279809655	0	0.666244601070993	0.808963743509505
126435091	0.0311343958143293	0	0.207298867049545	0.245594804424821	0.0853132228631539	0	0.0357557326748099	0	0.0480493162891817	0.0272745181329597	0.16912104360635	9.6869908617096e-05	0.0246260056693059	0.00894959739764762	0.0342479541097112	0.0421508286494003	0.00380914408340784	0.0365776993267596	0	0.64314606972401	0.815641255799769
126435059	0.0842564620779734	0.00126229834159467	0.156373856612763	0.204191244408429	0.0808183479623884	0	0.0200859296268913	0	0.0305709047410194	0.0347539908309074	0.0292758953352428	0.00272571097089172	0.0407398307944167	0.0149744661843846	0.0787327788938065	0.166868655487449	0.0204875696220642	0.0338820581097778	0	0.627550619857154	0.80239032942473
126435155	0.111460587191948	0.00407081870563163	0.24333616875013	0.182421383659443	0.0915340020056564	0	0.0114657951296062	0	0.03455437440255	0.0309680626857979	0.0780574978395873	0	0.0230703024036063	0.0110864347647213	0.0488521785164146	0.0831100954277515	0.0210664864156413	0.0249458121015147	0	0.667446423702187	0.790731618828264
126434997	0.112519395756866	0.0109692413020619	0.274138216393681	0.166774998357811	0.0853809730430887	0	0.022470259809987	0	0.0522972559139117	0.0390210904577662	0.0914002262758294	0	0.0186352294973981	0.00915622975360616	0.069339324788889	0.00274202516340189	0.017655708769307	0.0274998247163952	0	0.68683403271471	0.774448979921945
126435125	0.0895564249395324	0.0178738801944826	0.223904531099158	0.19532906687242	0.0891254506147529	0	0.0127575384732116	0	0.0424222004634472	0.0317621827447345	0.0847671518237749	0	0.0218231141586085	0.0083110327167054	0.0574248991582964	0.0811423159424058	0.0178059998744629	0.0259942109240072	0	0.6646451479896	0.793695480456031
126435093	0.080566173389994	0	0.16246282551182	0.173995458636587	0.0916522218088934	0	0.0179687436920596	0	0.0285718124158885	0.0287848427313316	0.0455739390716361	0.00411089923714246	0.0316691590767927	0.0116470661177524	0.0658261818274963	0.207202919397841	0.0214735654916803	0.0284941915930836	0	0.647146089359742	0.78859578335131
126435095	0	0.0428304078519456	0.229147064767477	0.213815385043893	0.0752617055330308	0	0.0443604988109789	0	0.0422906304282316	0.0359303175476752	0.104227009342474	0.00124957283410962	0.0332850914961407	0.0119329570420787	0.0497825872941209	0.0624267464468948	0.0164787393333541	0.0369812862275945	0	0.627755852888039	0.814799238324214
126435063	0.10761331698998	0	0.144819348154741	0.242717632619559	0.12855482464626	0	0.0178106478209449	0	0.0365825425989955	0.020434707239656	0.0887534878332041	0.0107212488558461	0.0163225086090268	0.00904280032527261	0.0469651023138154	0.0869139934497567	0.0138358433746702	0.0289119951682726	0	0.654637896968055	0.814042138464412
126435009	0.172166239904641	0	0.116067286706664	0.19727767625728	0.0656202999532632	0	0.0118040076940122	0	0.0322055548547215	0.0344234351933746	0.0516880637111846	0.00506430004909478	0.0277564173300231	0.0138901821971292	0.0793059630300987	0.149563297705693	0.0153135504611809	0.0278537249516389	0	0.66927721508668	0.787058706895564
126434532	0.0244164307766132	0.0352037719087187	0.205441927019192	0.22286996166866	0.0850258848992761	0	0.0335567603399529	0	0.0506253332242539	0.0302136876212605	0.0662236331633542	0	0.0404859903907424	0.0161224765368791	0.0548044609426311	0.0827674832048763	0.0157978555397728	0.0364443427638168	0	0.615190982311981	0.820047063904224
126434469	0.146514999118725	0	0.152135348940174	0.210166601612317	0.108578794248169	0	0.0116916445527557	0	0.0345693724523402	0.0217707499005834	0.076157262301788	0.0125019186741773	0.0191026118235287	0.0113250994792613	0.0598173864506001	0.0935680831231491	0.0148456133089414	0.0272545140134899	0	0.667079661358116	0.801314783077371
126434359	0.15045180359272	0	0.14709678471783	0.259165355981124	0.112954790676248	0	0.0190514924770227	0.0275584150707945	0.016756960458903	0.00346975610449048	0.0961273068363656	0.0199882886394492	0.0153011871745712	0.0103886317136544	0.0426019472526214	0.0453832267878441	0.0054027881551075	0.0283012643612536	0	0.665611153438392	0.813056956044026
126434583	0.110234427987503	0	0.163174942126771	0.254758440426375	0.140273678740879	0	0.0322691397340854	0.0385717709766484	0.00240424323632282	0.00308397683999081	0.10144010863663	0.0279371922391144	0.0145406087026842	0.00932752158538137	0.0333494715330699	0.0350693578970767	0.00530719043049845	0.0282579289069704	0	0.666645220460768	0.812927111608317
126434565	0.116282902582877	0	0.170725407849649	0.256976311428558	0.133195792768842	0	0.0195452295981005	0.0282480626585812	0.00783645587838162	0.00205052739358658	0.115222543448093	0.0136991921631439	0.0130577401051265	0.0107650979928313	0.0395576181062707	0.0400245592742993	0.00917674802349418	0.0236358107281648	0	0.672063041603493	0.807514987436705
126434472	0.186783964655255	0	0.135357505898691	0.223945023025209	0.120427570951408	0	0.0120848908886054	0.00352347105805107	0.0177056018541041	0.0137988124632324	0.0779678332655831	0.0204599650509624	0.0153623440624717	0.0114345521696271	0.0407474081153423	0.089858454665291	0.00796367787012251	0.022578924006044	0	0.651846087095231	0.818071275970853
126434329	0.238054176904701	0	0.127793152496981	0.213710364643019	0.115488424853571	0	0.0204487192929787	0.0242908988564677	0.0210963280583102	0.0166913293378915	0.0910459796981986	0.006142635456364	0.0168380742488161	0.0105077108412002	0.0443211901888063	0.02414001950411	0.00591079810258284	0.0235201975160018	0	0.653967175862472	0.822404031870974
126434399	0.134183400367271	0	0.160922944697668	0.207550849096846	0.13048126425733	0	0.0194163910992267	0.00515896855076437	0.0333146242438946	0.0181254177647536	0.0897197245189783	0.0349862677087707	0.0165522519053446	0.0116013195279685	0.0676529277575629	0.0311940888321688	0.0167119117241816	0.02242764794727	0	0.651867788836355	0.810537971265588
126434381	0.0270885234424809	0	0.256976206989882	0.119047435709679	0.115263773771228	0	0	0.00167711321906212	0.0376697690374507	0.0363510410868537	0.0557047329608554	0.0137352888315602	0.0333231070136382	0.0185439582390131	0.0735071636671246	0.150744514645695	0.0233971223446245	0.0369702490408514	0	0.645615907446769	0.785791760860686
126434326	0.0679264710592224	0	0.265719087584385	0.155225712122388	0.12793245856451	0	0.0148419034346545	0.00440092742868538	0.0299163066039113	0.0316904942441598	0.0856884093844314	0.00804546314525117	0.0221585873866974	0.0111395405020526	0.0514372523608281	0.0765292042181289	0.0180200215384031	0.0293281604222911	0	0.659913816036266	0.791169606184227
126434502	0.142609038222654	0	0.161306304015704	0.192681712051584	0.111261242722607	0	0.0145833338664753	0.000219725915147503	0.0297169348110461	0.0293226324985377	0.0443222142129806	0.00406567612679893	0.0241347050200123	0.0120336040287774	0.0749612714704375	0.112544706615673	0.0192010347401644	0.0270358636813999	0	0.638856825974701	0.805484216608481
126434483	0.16497240369022	0	0.147570246035481	0.176844393380169	0.0821402757280787	0	0.0106930575619721	0	0.0340129119820612	0.0223474454538561	0.0895270956382825	0.0124078308002316	0.0167927893537483	0.0122295831883263	0.0838453147971026	0.0958863797214355	0.0236635965519353	0.0270666761171008	0	0.672587509107594	0.788998967751713
126434463	0.121498481790901	0	0.138669912788503	0.271889414998562	0.147297426570057	0	0.0204232013268168	0.0225848001164289	0.0102247787245452	0.00262124132201997	0.103213139476595	0.0337048172201195	0.0119714021205714	0.00850844028544289	0.0258888564338355	0.0459342086404034	0.0089449346358212	0.0266249435493776	0	0.659586524487992	0.823333140698705
126434397	0.21555104009527	0	0.128278165179585	0.215628886698648	0.101630957149464	0	0.0107907557275267	0.00776227957425609	0.0204595920292891	0.0237295531989791	0.0676190012270034	0.0326107939070295	0.0146658293074264	0.0106914982070235	0.0496422748932788	0.0611350315171525	0.0116610596694605	0.0281432816186087	0	0.647760512985355	0.821054505296964
126434527	0.176650268054529	0	0.159258566796106	0.255659339285398	0.119602944783722	0	0.0228180077572697	0.0395328941331763	0.00916620007430237	0.0014968674887766	0.0848910276755346	0.0382249815654281	0.0130620110296966	0.00853003524963518	0.0327746279888447	0	0.006208038594954	0.0321241895226266	0	0.667334233652879	0.814402102644844
126434322	0.240082843162338	0	0.144746046397065	0.195828899853192	0.123159919342962	0	0.00723039817380135	0	0.0162815630278651	0.018615326500517	0.049036702224069	0.0327220694799158	0.0121334683215013	0.0100242107609333	0.039631106201595	0.0740538708716543	0.0132711215872286	0.0231824540953628	0	0.649409155620257	0.820240311863727
126434557	0.18920730107491	0	0.152043191780139	0.22671298551132	0.119708927500247	0	0.0164247406014403	0.00778168989237599	0.013546329490904	0.00444399304168466	0.0707105076018614	0.0352230041161843	0.0141265222872495	0.0130094901797458	0.0396775276407667	0.0644594331527744	0.0106108505885715	0.0223135055398267	0	0.677715974891441	0.807633469200603
126434437	0.105700080591742	0	0.127268835837533	0.220810081152143	0.122164786647145	0	0.018332618797251	0.00764827666514139	0.0186259946884647	0.0200255200625542	0.0844119656441407	0.0331488135232511	0.0159674000850511	0.0128139454907027	0.0656694636907328	0.0976943919902484	0.0193166189151342	0.0304012062187642	0	0.641601452262406	0.813633625105047
126434411	0.162032163030217	0	0.149415364027751	0.226769052631597	0.111566273948891	0	0.0209847270239622	0.0209882369169715	0.0120042403523974	0	0.0717093043426025	0.0405102151845675	0.0168688547054596	0.0129190929499808	0.044425142530272	0.0667677560535651	0.0122395992126644	0.0307999770891007	0	0.64595177259893	0.818728727482402
126434395	0.184216485433515	0	0.148079296177002	0.230319275699383	0.103403511180146	0	0.0120986670612724	0.013375373541991	0.0209475956187677	0.027975946072086	0.0863344859881117	0.0247764889076343	0.0137038362099755	0.0109855191781548	0.0604124002249792	0.0253154059946895	0.013571850091724	0.0244838626205679	0	0.659893794144405	0.811267279873134
126432591	0.0394421468199164	0	0.188436216520811	0.225179463570626	0.115677918756885	0	0.0427139928034418	0	0.048740136203472	0.0339078001900164	0.13639459144879	0.00316333851006937	0.0245252251385634	0.010766703457788	0.0398470696257366	0.051831607016072	0.00440726187079886	0.0349665280670139	0	0.673955302987922	0.803759132087812
126434993	0.0583122312280447	0	0.189000115104923	0.225261488294084	0.0825314176177206	0	0.0315160625221839	0	0.0542819763843035	0.0403598451094597	0.146634930901904	0.00338663694823052	0.0253748236184797	0.0125077151069588	0.0471432211076397	0.0462595917710587	0.00475978882401617	0.0326701554609924	0	0.650753862663651	0.811171785058191
126432558	0	0	0.213946890149439	0.170937235121825	0.131897524162367	0	0.0276491863403638	0	0.0311178453525269	0.0293705380495263	0.0718488761548645	0.00712598551710708	0.0307768982900758	0.0160196726330714	0.0867388970445757	0.132834937166416	0.0204069472173367	0.0293285668005043	0	0.683100436591666	0.768562159239893
126432608	0.0410299497913704	0	0.260388510360472	0.180623835918381	0.136331322993633	0	0.00618410879465768	0	0.0302317714459363	0.0174808101782818	0.102848765999233	0.00488675897054446	0.0185751335652077	0.00936685179478744	0.0633494352206176	0.0856421845627616	0.0178181808206027	0.0252423795835136	0	0.674732895607656	0.780445474896673
126432640	0.06788679129436	0	0.142361970261448	0.268412801529293	0.136885767102163	0	0.0255105171438476	0.00421087577043163	0.0159849447013343	0	0.0801232537167092	0.0413646032792117	0.0161435413340194	0.0115332521099034	0.0468081218441896	0.10023317316311	0.0134980733019426	0.0290423134480363	0	0.664021122606499	0.808370668461094
126432507	0.16874019065176	0	0.143094523288914	0.237288325645601	0.110164257751342	0	0.0172489950807838	0.0115894206677496	0.0220615960736736	0.0286283968153574	0.0814438140361138	0.0355742342157056	0.013484742598289	0.0102075280390418	0.0509184996684367	0.0320345257419352	0.00943140935720062	0.0280895403680951	0	0.6784061931135	0.807849694202826
126432570	0.0654920826225076	0	0.239160373606361	0.148178575956452	0.129707078443693	0	0.0137728168819505	0.00740299582086645	0.0229374680711006	0.0288101244724014	0.09534924407615	0.00909819316557868	0.0204834338931237	0.0127599023674237	0.0519617435774374	0.106412113573952	0.0109406550574789	0.0375331984135231	0	0.667715573711609	0.787872612974705
126432487	0.0961577885490095	0	0.154109840562373	0.270066498182216	0.134906754722508	0	0.0234218430441258	0.00982425359580892	0.0237836683796013	0.00515475012457116	0.117076846207228	0.0163421912334559	0.0139771661462706	0.00948645172879303	0.0457776170723846	0.045010593141318	0.00734861371481254	0.0275551235955228	0	0.669795486697574	0.810965257391505
126432636	0.0182853997717314	0	0.258601392613533	0.178590386968492	0.163835615688398	0	0.0236015607842662	0.00174536024978262	0.0227138065890676	0.0158044406543354	0.116476029349377	0.0121314264557212	0.0177705732650403	0.011377095220607	0.0573278599011413	0.0590349547486904	0.0138925473776201	0.0288115503621961	0	0.675754290823277	0.784891085072219
126432556	0.157681425420809	0	0.147992838507945	0.245962527351793	0.13102176250708	0	0.0237125660382986	0.0101074790971515	0.0110855836659951	0.00621785289939869	0.086624608344428	0.0355341362609713	0.013944597830109	0.00958052902835025	0.0338531005485195	0.0587228322125688	0.0082422342319629	0.0197159260546204	0	0.664860499085957	0.816940803645043
126432505	0.246290470643055	0	0.140923635604419	0.179410608313999	0.0993616992899343	0	0.0136898676565742	0.00963141768892016	0.0127546124502241	0.00867099689531592	0.0633169124201058	0.0448271997918366	0.0131805122057898	0.0119787343265636	0.0517382564921803	0.054515989662109	0.0169295246907845	0.0327795618681879	0	0.635313999119303	0.82407957303987
126432622	0.242346827099765	0	0.149626118133434	0.237623870395419	0.115293682809215	0	0.0210206874438278	0.0354683398676348	0.00367393149748783	0.00370806636450337	0.072076616661554	0.0189351338827714	0.0126048363600568	0.0127874892862458	0.0197317031575002	0.0171813928774235	0.0124319880259478	0.0254893161372145	0	0.653820488948942	0.824367467559725
126432521	0.292981741172891	0	0.113394671984397	0.153180611803752	0.0498443017240335	0	0.0138395190025612	0.0368469097546381	0.0248924553549899	0.0883751429715399	0.0558302079455058	0.0174423811567906	0.0261873689540915	0.0196342715825965	0.0623507007991125	0	0.0119549229577556	0.0332447928353444	0	0.633574559100087	0.821309407180149
126432184	0.228829572892392	0	0.132122951951931	0.207905943989286	0.105356382083329	0	0.0077522958235029	0.00627970410859857	0.0226965538112041	0.0242237064974888	0.0765105430941755	0.0312044244803531	0.0128834922666669	0.00842398526619421	0.0489944386921691	0.0528008335552039	0.0113067909592911	0.0227083805282135	0	0.645891296748343	0.822697673821909
126432150	0.156756241297699	0	0.125750486136855	0.258995388188976	0.137345548477494	0	0.020558336675931	0.0293303718096285	0.00937596446453026	0.00326620898980838	0.0861986915415311	0.023338223201889	0.0140125563958207	0.00887351108897433	0.0320633545281399	0.0528740366702508	0.0132443883448366	0.0280166921876357	0	0.623656165054077	0.836501377921768
126432501	0.141654196907963	0	0.136315025207885	0.244673630040151	0.140897383275348	0	0.0254535094367807	0.0208904535820437	0.0182291410404603	0.00255050153682969	0.0772229666594295	0.0396754481645477	0.0140317167817198	0.0080932559290865	0.037625162181561	0.0577920567297252	0.0103581705427509	0.0245373819837174	0	0.650584116754891	0.823043156077998
126432134	0.12159851980649	0	0.135892776491072	0.255764043265144	0.15275342692788	0	0.0209722315361466	0.0254227640443802	0.00524880251179549	0	0.0740752273008705	0.0387567938437831	0.0143946042722236	0.00835245697571048	0.0333800575773408	0.0726814524278328	0.0121478146619836	0.0285590283573466	0	0.628794383072935	0.831053947101194
126432072	0.162635763962988	0	0.136320194825893	0.23482670344513	0.0959951081229632	0	0.0188823921104124	0.0151680149728322	0.0196970952644026	0.00923426217464573	0.0742329519853388	0.0341744574317251	0.0144281315867112	0.0107051581979696	0.046050492118149	0.0885254864781471	0.0134638694086457	0.0256599179140458	0	0.636777298839487	0.821974085452587
126432088	0.119540021442778	0	0.177120905113108	0.214594291943527	0.143423290411528	0	0.0111473499831761	0.00730692643232756	0.0259402733222104	0.0121955313513066	0.096887053062835	0.0464261733456716	0.0157897948819939	0.011295009196471	0.0478622715031762	0.0430006625787899	0.00450990234029377	0.0229605430908078	0	0.671437580471596	0.805337094244034
126431691	0.159235451498051	0	0.14571656627074	0.27079567340421	0.16619688286266	0	0.019930367807426	0.0360604537203738	0.00501314287723236	0.000992467335151382	0.0510568508818033	0.0283357456422144	0.0168770407637535	0.0110460734387051	0.0258274362239102	0.0238399512545112	0.0100117961454622	0.0290640998737963	0	0.641073448032983	0.828769307077662
126431723	0.166613774482707	0	0.124787277073428	0.222991350797541	0.115325218931464	0	0.0187135211034353	0.00589629010019825	0.0202670685264107	0.012698127181325	0.0568011629431172	0.062800852164754	0.0188944944444304	0.0114180376360399	0.0648774454134359	0.0434201801871865	0.021749246418545	0.0327459525959812	0	0.614071334847265	0.83177941767521
126431689	0.123518596425227	0	0.200259685487233	0.189141778753542	0.095066507708556	0	0.00665044942461003	0.0236274117853671	0.0186076756483846	0.0168741877104513	0.0920147420782008	0.0120158449076183	0.0204609740813446	0.0115436276052458	0.0401971883453275	0.109881745538607	0.0117433905486419	0.028396193951644	0	0.643457602200298	0.807108727600483
126431787	0.117192911394036	0	0.146770397695707	0.257871899923796	0.147246863532349	0	0.0228863746967559	0.0297407036929891	0.000909541733579352	0.00439287194541467	0.074101866895258	0.0321490633639625	0.0133585095362739	0.00934840424184277	0.0229670627827693	0.0861161034525591	0.0103944000107896	0.0245530251019175	0	0.641232297518858	0.824514421671753
126431803	0.156801092944387	0	0.125900003256964	0.229223474886925	0.116280916431141	0	0.0159452082311514	0.0223620395878433	0.00383878814225577	0	0.0657291925982032	0.0409971800710452	0.0144961769197665	0.00921082228126101	0.0373548504632842	0.12392449380666	0.00868418476770018	0.0292515756114122	0	0.665978420388148	0.807574495316097
126434319	0.0514481701614972	0	0.20395863242958	0.168478338635096	0.135542642851557	0	0	0.000238410844485164	0.0188583750754217	0.00420580384088592	0.0697234727506795	0.018605003798849	0.01765668183691	0.00843672317735064	0.0419340963638371	0.211307473463637	0.01481459367615	0.0347915810940639	0	0.680148838525058	0.771178959338982
126426475	0.189210999457384	0	0.152747192503159	0.24891957991707	0.126341747523881	0	0.011468492803576	0	0.0221908631364152	0.0165234575151068	0.0674235727543208	0.0361171028031176	0.0114020575699763	0.00794911646917552	0.041153253046353	0.0421089129565045	0.0116643887321008	0.0147792628118611	0	0.665786662436997	0.815353013028228
126426411	0.184967438982467	0	0.149369316367771	0.26200989796461	0.100847870665872	0	0.0144970778356758	0.0139963751712053	0.0224131385198519	0.00185389567574599	0.0872744040389917	0.0419424348727334	0.0126059431918523	0.0085719607369344	0.036193673444766	0.0325519300813343	0.00848387038509195	0.0224207720650972	0	0.684412198973045	0.809242771304336
126426523	0.111122861515229	0	0.157107370554307	0.229647439774259	0.127634962844385	0	0.0167151618630576	0.00591039366558086	0.0297068872587208	0.0139293382628231	0.0923104028666836	0.0150885847320167	0.0159133495670292	0.0103508559740354	0.03490009840347	0.107022453058314	0.00841674054266685	0.0242230991174209	0	0.663321597991801	0.808529950406968
126426551	0.170945638518798	0	0.131377387122186	0.236877484422004	0.123563465392149	0	0.016571959147482	0.0274288661692439	0.0194890597059122	0.017819963329545	0.0966970540908191	0.0130294134856404	0.0167314090753353	0.00878150036350895	0.0385606031467629	0.0559977551886106	0.00497502607249242	0.0211534147695101	0	0.659748864107111	0.818589415144657
126426505	0.149733023538201	0	0.105577339199104	0.259659658690152	0.112145687400588	0	0.0250509849883872	0.00346829949344513	0.0177399723564293	0.0135610661715397	0.0782472146436428	0.0255645446149578	0.0145367765587647	0.00788345624824824	0.0414692792121905	0.109654721294709	0.0133867238100088	0.0223212517796325	0	0.660183125523742	0.81609948199969
126426489	0.133981473961448	0	0.15010390413938	0.247796048450676	0.129484549844159	0	0.0144503005092053	0.0146217119708429	0.0210548945557503	0.00889608702923742	0.0751438904500925	0.0163265063992439	0.0142703240550312	0.00854524045945789	0.0315273850707693	0.101714078479048	0.00739289851986632	0.0246907061057915	0	0.663238208086084	0.811127938283343
126426473	0.0929727398247932	0	0.148152000864188	0.267069945847022	0.13183247380993	0	0.0272037977469451	0.0316390147371107	0.00811912572848908	0.00140671304017599	0.100500628955742	0.0275121585865649	0.0163201757510576	0.00928404396868706	0.037162185902599	0.0693561821451498	0.0060157958519989	0.0254530172395472	0	0.660476934595214	0.814409441437346
126426391	0.175640623080665	0	0.130757272471474	0.210751787850009	0.0931429458653042	0	0.00696609195979449	0.00349598769714437	0.0334676370069319	0.0242626353781556	0.0689843831309584	0.0163343576528386	0.0175983645272137	0.0105914746496687	0.0428294376008003	0.124165234009638	0.0127256818572015	0.028286085262203	0	0.674059953800507	0.801628008219356
126426487	0.15449523272551	0	0.148988166496517	0.259879302727323	0.130566594351313	0	0.0211877020535893	0.00916952177237786	0.0239017478916317	0.024102826509856	0.0864793695895353	0.0169828192557637	0.0131025071034898	0.00923043566584613	0.0493144822413008	0.0216076280114916	0.00996118409036399	0.0210304795140903	0	0.653165544969058	0.819223743736381
126426519	0.168912752007783	0	0.123496272302059	0.2414469061874	0.131846558495603	0	0.016682726446911	0.0299971760355563	0.00724261488275165	0.00769051521854818	0.0812034638962034	0.0293787114865643	0.0142134529271445	0.00924217236947622	0.0378332590826855	0.0707082525413423	0.00752846564328049	0.0225767004766909	0	0.651816278304075	0.821882445316812
126435025	0.135521446818487	0	0.137723841620599	0.214783586942787	0.104275361443459	0	0.0134628781783749	0	0.0253797626416163	0.0180234621980254	0.110924365985124	0.0161639029612301	0.0146201602539772	0.00888331175796232	0.0577226874937792	0.112319233796711	0.00614498798108554	0.0240510099267819	0	0.683070353345521	0.794457829414398
126435089	0.158955656819637	0	0.144258404112389	0.176199852856338	0.102467450119793	0	0.0077293194767003	0	0.0371527044228186	0.032969932715626	0.0678063299252722	0.00309639188095961	0.024416489635579	0.0127219073783254	0.104962982044404	0.0826809337212314	0.0197264785459359	0.0248551663449912	0	0.683685716248974	0.775880493893763
126434995	0.126341658538494	0	0.12194939128708	0.206249956411498	0.0973193300295923	0	0.00918120114966584	0	0.0397067134081659	0.0245033505206707	0.100279049591955	0.00204069213292959	0.0200652133663189	0.0105317483188111	0.0739178691740561	0.133515257387724	0.0144223075019524	0.019976261181086	0	0.693676861828618	0.779823302520308
126435043	0.14328270825121	0	0.110730943673918	0.212525789017165	0.0955501172273871	0	0.0336619352249563	0	0.0294061290720351	0.0267201503781859	0.0537439853886181	0.00481027984550764	0.0287371525432329	0.0122617014623066	0.0676974654426341	0.131940265170074	0.0183555419594455	0.0305758353433247	0	0.646075865893327	0.807328735276184
126435139	0.114861712928972	0	0.127446512347696	0.269700831512312	0.150541268475795	0	0.0321392779931765	0.0110100544147411	0.0243284665596093	0.00335192975190856	0.100007899814164	0.0217309043037827	0.0138562523849015	0.00832564915006599	0.0431840987505062	0.045574312312825	0.00935388705184146	0.0245869422477019	0	0.677454326441236	0.814223164074972
126435109	0.1516614855661	0	0.131403809933046	0.246077636979865	0.110623773753854	0	0.0264655457036652	0	0.0297643355804713	0.0275389644765744	0.0803174590914274	0.00120592171789559	0.0217339828198061	0.0116880454713393	0.0458781780369798	0.0783713285917592	0.0106641067305342	0.0266054255466837	0	0.668066632818768	0.811533612057371
126434983	0.0922545768450928	0	0.153862837396118	0.25827943187247	0.139304707741811	0	0.0227047080765811	0	0.0334855422462552	0.0143812659848485	0.112960175229979	0.0114527771342638	0.0159254816091689	0.00932667506275345	0.043808949692283	0.0561096131819831	0.00740319131558954	0.0287400666108016	0	0.67451081197487	0.809217849057292
126435015	0	0.0305486843310265	0.195945127516987	0.235603191402627	0.0982989169401702	0	0.0479855928191014	0	0.0378090790260753	0.0282810212281312	0.145014412096664	0	0.0279033108357483	0.0085511834121263	0.0418246238060348	0.0591600996497573	0.00973768538035095	0.0333370715551996	0	0.656160491618276	0.809904605676511
126434999	0.0116253520922239	0.0127523525214941	0.172247048465984	0.201416747839976	0.0977091417725736	0	0.0458717085700035	0.00525363193526588	0.0262132039253531	0.0366441626783109	0.0603963275986653	0	0.0417680330078733	0.0174199660882058	0.093988300989318	0.130224686712983	0.0234054807112542	0.0230638550905159	0	0.65465263950556	0.786749175543646
126435079	0.0615003635560989	0.00433106386637992	0.159349166880802	0.191877887118145	0.0881408688201446	0	0.0279681108996944	0	0.0284954552840775	0.0454354332983735	0.047043674417669	0	0.0364513009055666	0.0143822930773831	0.0771325640348388	0.165282571421991	0.0226205521984037	0.0299886942204317	0	0.666812631940201	0.781722900757971
126435127	0	0.000777209568166398	0.21694589014439	0.182988860782818	0.117658094712477	0	0.0192509072843898	0	0.0311652756500742	0.0297887400915025	0.0823810177695816	0.00182384011991165	0.0284378451014775	0.013004734700191	0.0632625847702247	0.161262249025556	0.0159719571705619	0.0352807931086789	0	0.676557233702228	0.774950018652801
126435111	0.0451121417385848	0.00616126308968487	0.152747190821901	0.185215073320365	0.0922164964165638	0	0.0195833786492024	0	0.0317294028146334	0.0371451577623574	0.0349987282255432	0.00218700533846034	0.0367118725819369	0.0107714858362602	0.0796570143984155	0.21064421098669	0.0260273062873241	0.029092271732077	0	0.666719009475354	0.773873630270314
126435065	0.0423445139987524	0.0318664638309461	0.208097645938391	0.21091174120411	0.11231921610014	0	0.0314865018110103	0	0.0328322452804377	0.0426041578857103	0.0867901437856786	0	0.0251962422582418	0.00873811970661067	0.0705357314285144	0.0567685122350687	0.0125447622776785	0.0269640022587089	0	0.670015002820933	0.792489177693361
126435033	0	0.0335878049666982	0.243259015975842	0.171769382971356	0.127013265054572	0	0.00105888248551666	0	0.0321592778629171	0.0325353406495359	0.111234767482306	0.00203598781106977	0.0290004609143539	0.00453156152903579	0.0530834138402342	0.107452527638341	0.0032477501607701	0.0480305606574513	0	0.680959240567314	0.780814481048005
126435001	0.0316968373496428	0.0129482189998008	0.182231063696206	0.220906682835544	0.0933797105217812	0	0.0479043367875754	0	0.0327490110401566	0.0345622181497587	0.0806542803746998	0.00109019828283872	0.027738060695518	0.00972856843724845	0.0780091064135663	0.100269013415175	0.0175083406729117	0.0286243523275757	0	0.65825668536016	0.794487221407597
126434383	0.175032513896853	0	0.157112807248135	0.220750070874939	0.0849698710894508	0	0.0118405584280241	0	0.0431622443286202	0.0304563542443196	0.0934886338380399	0	0.0206564639711983	0.0119153131273671	0.0849327752594243	0.0251014862670923	0.0152653775012099	0.0253155299253271	0	0.664549743840404	0.797714913093067
126434446	0.108825872422701	0	0.159504595094034	0.247737583538652	0.139487870289652	0	0.0137647870723552	0	0.0343277096615203	0.0198571156133552	0.114407349198349	0.0088773505647643	0.0150038354074719	0.00951782272367409	0.0516658953845013	0.0471230690720575	0.00761608800243925	0.0222830559544725	0	0.70161956064564	0.794093065119512
126434420	0.0995015675443104	0	0.15152890477938	0.219231811796469	0.122822349892487	0	0.00772451392260122	0	0.0347453173343953	0.019273782823549	0.0990682147467002	0.011641712590209	0.018835861038194	0.0117869329452088	0.0623743313159171	0.110088533516997	0.00537154909292268	0.0260046166606592	0	0.692108843994256	0.786043542753045
126434489	0.118037808195822	0.00861781749474158	0.149401112775819	0.208942133335038	0.0959689772816989	0	0.032628927328256	0	0.0400017660525133	0.0266470554169703	0.0512974080414155	0.00290531236589296	0.0287402043029008	0.0116066472659792	0.0646639045896994	0.106671176703721	0.0223608718032262	0.0315088770463059	0	0.64987012732004	0.805966528275085
126434332	0.107942368600898	0	0.137431685346742	0.262999201871568	0.136516996658488	0	0.0223058309904337	0.0185810108219463	0.00577041622176839	0	0.0783821823399754	0.0309031211506671	0.014358075058381	0.00928265969007604	0.0326838360941171	0.108613759685312	0.00528971709920382	0.0289391383704239	0	0.673070782155637	0.807571312405449
126434403	0.12489775871211	0	0.146953834959879	0.251993017852361	0.134995068224349	0	0.0188282131913895	0.00814189624478915	0.0223153998985407	0.0083034571349611	0.105981281705603	0.0191212031776096	0.0141416187924269	0.00837621755495248	0.0336205725401206	0.0729258318326374	0.00459847551018001	0.02480615266809	0	0.683369325691523	0.807791077170588
126434385	0.225779473708415	0	0.131465998925165	0.230165986452197	0.114060320201905	0	0.0206680248970458	0	0.031178865025895	0.0217446858294196	0.0901448548972002	0.0181584463753294	0.0147254561663134	0.00893560643193181	0.0384600045206269	0.0336716016959011	0.00493170133175937	0.015908973540897	0	0.681060335867261	0.8148362743342
126434449	0.222476875612301	0	0.169241879408159	0.235447168567183	0.125846581672076	0	0.0163471684554805	0.0196312687852311	0.0129501855193027	0.00447780571402092	0.0763328430446246	0.0350322513469437	0.0107546674238888	0.00930120982366467	0.0269668680853637	0.00626713762778273	0.000846915211071633	0.028079173702906	0	0.677890998418355	0.81152766734101
126434466	0.0972324568392077	0	0.173418518742523	0.230063517223047	0.117656795735143	0	0.0275443294963603	0.0167742663821749	0.0232065640380394	0.0150859510238328	0.120700224550635	0.0104328292582063	0.0204366381826378	0.0134522290885883	0.0499873358872491	0.0387996787463288	0.00895748279511715	0.0362511820109083	0	0.652186867536551	0.812901769397737
126434443	0.150433825525452	0	0.150036770294157	0.262503651760724	0.11402639397864	0	0.0295368024374939	0.0296106238556639	0.0203444813747019	0.00830538437974683	0.104553686588559	0.014846693907413	0.0155949680147956	0.0104576010297757	0.049000987961256	0.00725422749975908	0.0070666166299736	0.0264272847618881	0	0.657084306118862	0.816101916475016
126434563	0.232292428602375	0	0.191492532719849	0.145496335573652	0.14351385868803	0	0.00926179029113067	0.000729579761517034	0.0225651970003041	0.028613477831301	0.0591491103842096	0.0082278492683078	0.0150144511417406	0.00852952323193219	0.0403111508696266	0.0591014787070344	0.0113213783036715	0.0243798576253184	0	0.675302599954057	0.802243549309695
126434356	0.15307668939146	0	0.126282605417909	0.245409616584066	0.126664719577884	0	0.0163548315320465	0.011170512904054	0.0226956602076951	0.0187186403715574	0.0787872456778671	0.0156397025517201	0.0152791703126948	0.010901712091811	0.0493010906411023	0.0722693457026268	0.012729032144299	0.0247194248912059	0	0.650121449553961	0.819274549688577
126434581	0.139458951961194	0	0.142351272512628	0.240233227173114	0.140241627851787	0	0.0246414077666429	0.0232313139704582	0.00946367930072513	0.0043441171926084	0.102345749641044	0.0191595317593313	0.0150331580572781	0.00783590604221298	0.0351218973879007	0.0686323642634817	0.0072988774718988	0.0206069176476949	0	0.669727543616905	0.813493933401354
126434417	0	0.0365820616883524	0.263850893727038	0.150937215828518	0.112680044418581	0	0.0264307480298197	0	0.0386995494695374	0.0239274899043414	0.0877313584471248	0.0121167710850438	0.026587084028524	0.0117642321944225	0.0597542433065838	0.10755214861016	0.00507211089585111	0.0363140483661027	0	0.649242799491698	0.79290194860725
126434352	0	0.00916407392452243	0.274320454753009	0.130925346148546	0.130167713525529	0	0.0414903710297935	0	0.0304104430479357	0.0407508336053138	0.096521896535566	0.00094860205801763	0.0304016535142315	0.0138846541404415	0.0758741491065346	0.0740791078330688	0.0158649332628562	0.0351957675146344	0	0.67466928166753	0.775647087395052
126434378	0.0992190277722891	0	0.150451601062467	0.187187084553484	0.0979257565813449	0	0.0320330046432959	0	0.0319087863579486	0.0296116945993881	0.0707081674488538	0.00563969581702276	0.0262500590367734	0.0112251090142745	0.0615214042966589	0.154487620990146	0.0139508195047936	0.0278801683212599	0	0.684028872147865	0.781911804707529
126434349	0.0867062019042564	0	0.15374006231556	0.268886843123748	0.128341793689622	0	0.0207430982708708	0	0.026165021671095	0.0121011755302388	0.11500192820497	0.0197309450587095	0.0143862046627312	0.00876218414444031	0.0434490758923708	0.0752795175748112	0.00200210530373809	0.0247038426528381	0	0.688219954231453	0.80120486738327
126434324	0.109611216008388	0	0.155684200465143	0.252486855803485	0.136495665457519	0	0.0216172130906957	0.00894392023151934	0.0242352962500395	0.00776458582503346	0.0956495939223383	0.0258684067961119	0.0160765016320305	0.0125309380100382	0.0586693670141626	0.0356964658104366	0.00827060516293024	0.0303991685201285	0	0.662862241288999	0.809471740465502
126434440	0.160659601128525	0	0.154118636308124	0.240750176624726	0.117003671163203	0	0.0163607860090313	0.00531904271364764	0.0195450155401238	0.00987282867692465	0.0808013205194327	0.036166855026757	0.0112709037986423	0.00965642837748947	0.0486079338536309	0.0552215773118709	0.00728131339213854	0.0273639095557339	0	0.677161244067967	0.80605627544292
126434485	0.127553768135771	0	0.101053589456175	0.230483791915126	0.116821248467256	0	0.0345101376012352	0	0.0277827524776237	0.0274291050907989	0.0705298482756901	0.0261258176558841	0.017281578161443	0.0105167962203834	0.0557699438030151	0.109043363207624	0.0151362985510108	0.0299619609809634	0	0.669599184282566	0.807379853979532
126434393	0.0306400230623581	0	0.264453152569855	0.13988712042697	0.0976140544218589	0	0.0100753492464126	0.00168161572947897	0.0519336911607167	0.026471506993422	0.168187658245671	0.000368896249609111	0.0269424735238778	0.0135369133229716	0.049018670629946	0.0812333009818792	0	0.037955573434973	0	0.721780806101813	0.757333755387496
126434499	0.11101512953313	0	0.132354937601089	0.197254856443602	0.0944138082309202	0	0.0298852558813914	0	0.0389711334309394	0.0284699173150198	0.0575412980946855	0.0106538190496822	0.0298277265321446	0.0158666967057961	0.0761322837789234	0.127166367632881	0.0207643886114504	0.0296823811583454	0	0.673319404750955	0.78843710058623
126434480	0.139924122765579	0	0.143575122697325	0.229424516722355	0.090355156436641	0	0.0286462206572321	0	0.0337506280310546	0.0188966778842274	0.0681354871684095	0.02026743394783	0.0228237045331072	0.0127176233403676	0.0694102679580973	0.0778143795044717	0.0179973246687179	0.0262613336845852	0	0.673240417495131	0.798084549399318
126434459	0.120129890776405	0	0.146503451074244	0.244182625036851	0.126491624776394	0	0.0230324117214064	0.00544699020088007	0.0267268749600197	0.00702533195958042	0.0867123058619177	0.0416324531969661	0.015023571526646	0.0119088858913815	0.0519209956656714	0.0589409827259914	0.00622934976380792	0.0280922548618375	0	0.654962839013253	0.815145876639698
126434433	0.119533338330589	0	0.148396312188	0.19476357326318	0.115056817156648	0	0.0136943233133004	0	0.0371089232419858	0.0207899102270032	0.0790389387091947	0.0194680233900381	0.0202495740585351	0.0137810685666199	0.0602335429506701	0.122747171218738	0.00692791951492176	0.0282105638705762	0	0.674773204488144	0.793248209961646
126434574	0.178831000594752	0	0.150361687410714	0.228409448370351	0.136116796964888	0	0.0210498110719139	0.0146846297671769	0.00875970568813349	0.00518047847185221	0.067215020202321	0.0445072942010497	0.0140865358179819	0.0100349297393714	0.0420880484608751	0.0449584328529332	0.0050806395100963	0.0286355408755891	0	0.65448120692736	0.819022003973031
126434345	0.140830632702757	0	0.124955063371285	0.228395437704801	0.124434945740643	0	0.0171979095600723	0	0.0204358725740635	0.020989817539132	0.0855335695276845	0.0224645685625679	0.015783620199414	0.0106038011921371	0.0482371519155355	0.106934289752788	0.0069840807457808	0.0262192389113393	0	0.675224144369632	0.804750953826236
126432656	0.176143684374488	0	0.137317436239021	0.238474001664606	0.138456556061141	0	0.0230204794848698	0.0311948583476957	0.00346608487263843	0.010742767460897	0.071130842053284	0.0380807225241485	0.0143267148740562	0.0126142807900644	0.0413002930859667	0.0233449557249264	0.0121366277734324	0.0282496946687643	0	0.644041484505641	0.825448504133121
126432624	0.141622071649796	0	0.135500708584976	0.235690705889947	0.145295432699964	0	0.021600878231001	0.0129664403557781	0.0171642071734396	0.00481375051441386	0.0775544844331941	0.0388964476675506	0.0121229762433317	0.00955745335384849	0.0347041618575566	0.0738449252273318	0.0110825937651763	0.0275827623526948	0	0.66921108694464	0.815133040147425
126432491	0.105636087088063	0	0.14772868338601	0.255144352865625	0.145849986817318	0	0.0214224945111688	0.00107249065342188	0.0223132130293896	0.0111097285535481	0.0803029710246424	0.0356673698625637	0.0148682745478921	0.0107585554403469	0.0581314776859219	0.0510865299717756	0.0141628365616211	0.0247449480006922	0	0.686937178952292	0.800094015640477
126432554	0	0	0.206551471757616	0.168644796035818	0.122650358440831	0	0.0257882341948268	0	0.0262099067485678	0.0156311691571834	0.0951575513294883	0.0258647531075292	0.0269863981237823	0.0193431849204105	0.0650687854888251	0.144249695394415	0.0169615820738109	0.0408921132268956	0	0.66268781370256	0.785759578307619
126432586	0.152081933397656	0	0.137429196193544	0.22971260548419	0.119841702948605	0	0.0252739779241928	0.0281075705371309	0.0241722235124029	0.00901321310716048	0.100845574799717	0.0304431624367589	0.0183970219926981	0.0119996002967246	0.0545431367208109	0.0320555616701233	0.00577040778581757	0.0203131111924672	0	0.649827553900619	0.818188280913742
126432652	0.0605766766473843	0	0.227192496801878	0.17002276024299	0.122349004520322	0	0.0159251894491835	0.00344583232745539	0.0349525404709344	0.0353913269840496	0.0806859518429969	0.00367033605841727	0.0245671538738735	0.0134944694557908	0.0776494713278814	0.094697889160291	0.00851160795654418	0.0268672928800078	0	0.689396135899316	0.771394742863888
126432620	0.0276276930646866	0	0.217898225970941	0.19622039912216	0.111010142359736	0	0.0376875670778424	0.000203430724747459	0.0341267867039749	0.0249105187702379	0.113874328970031	0.010944435350393	0.0241744833102587	0.0117625810351167	0.0503903683563717	0.0923119259935497	0.0112047305761482	0.0356523826138052	0	0.663789366452342	0.796012907693281
126434977	0.180509392667422	0	0.142710649817312	0.21083541139832	0.119626656655582	0	0.0137831474975218	0.00637464729510953	0.0126594205096943	0.0101291625748604	0.0640184721502237	0.0485934378982339	0.0127208582516299	0.0128010561512876	0.0556402119844825	0.0663245047809522	0.010215949266995	0.033057021100373	0	0.647111763481928	0.816671509434909
126432670	0.193286160975976	0	0.15614866015078	0.193845136941065	0.123174984021156	0	0.00504292473513817	0.000495157677426646	0.0171778301122424	0.0101103777997471	0.052673401971948	0.0424196101838857	0.0113978349756493	0.0105332772773798	0.0469862084973916	0.0959344074317208	0.0115899083015434	0.0291841189469505	0	0.635829920181553	0.819166812754993
126432654	0.205521730212527	0	0.152275007829957	0.243224510274102	0.145880698107848	0	0.0184599702984868	0.0154964178591505	0.00883699890789671	0.00518218559622347	0.0573686013299696	0.0476222606955247	0.0113966590517209	0.0110519499296757	0.0317941310904842	0.0081248333716288	0.00732975674118818	0.0304342887036164	0	0.66124634094514	0.820779377593239
126432606	0.0959417777019271	0	0.155679139129229	0.247049551895855	0.152258107170453	0	0.0181961287133967	0.00516296494322561	0.0183782122943133	0.0117203735803994	0.0765016394062859	0.0467409355497901	0.0113381848619312	0.0112603040048928	0.049820607931249	0.0648459203021971	0.00736448086179183	0.027741671653063	0	0.673187271484896	0.806165832984122
126432118	0.14175049180964	0	0.1426700930631	0.253773355524646	0.159402671896735	0	0.0275525359963164	0.0153322156914081	0.0164831277405309	0.00414611166353428	0.0649515412216067	0.0347399358864741	0.0120095373777034	0.00930366383916639	0.0323910858319383	0.0537173488241355	0.00584312781422414	0.0259331558188413	0	0.644351046041076	0.827023899334525
126432086	0.0969230664174134	0	0.169670642823236	0.242066668091799	0.148411546349186	0	0.0329055615597301	0.0220522839063722	0.00701434040385397	0.00912197896961111	0.114919827015727	0.0165593808571037	0.0155216601010276	0.00964779718977286	0.0391393713271055	0.0426071504323496	0.00887866047477689	0.024560064080935	0	0.662983554514332	0.81284451905635
126432232	0.24458215312487	0	0.116431795936246	0.202227220403001	0.0881803319915991	0	0.00996573377987528	0.010701858165515	0.0259826110620662	0.023938114021679	0.0596599948150335	0.031009942940285	0.0162259819572095	0.00833564535819002	0.0405849992275145	0.0827474295584983	0.014004009594528	0.0254221780638901	0	0.688152272478742	0.806111579628968
126432104	0.130798222387718	0	0.14860301314232	0.198088177237162	0.127564993777972	0	0.0146387861952015	0.00901341809402788	0.0242105196931571	0.0075735491304339	0.0698226775710922	0.0531350766261949	0.0129549708743051	0.00972444560025201	0.0495727752475929	0.10241700983823	0.0127438050660141	0.0291385595183259	0	0.667429530650179	0.804125283155509
126432182	0.0709948011762269	0	0.178927343343507	0.213153046866524	0.163399473168333	0	0.0189134139381854	0.00258546765049919	0.0153426461811868	0.00558540845534806	0.114508455454208	0.0296351168321407	0.0157485201703537	0.0115987330607442	0.0416291262331357	0.0818658967624037	0.00777961159267963	0.0283329391145249	0	0.684149092840505	0.798063853522782
126432166	0.048752892536322	0	0.178538312709946	0.23283354396998	0.144400634642381	0	0.0215823279687377	0	0.0207631320044469	0.0182920180870574	0.119327453225154	0.0254422989942205	0.0185407874987554	0.0122209061487929	0.062818576807368	0.060603397622769	0.00720021300815885	0.0286835047759105	0	0.662388649268122	0.802949375585186
126432053	0.17268551526874	0	0.16153073420713	0.246261301661485	0.133654972929285	0	0.00623564967021595	0	0.021594706365382	0.00370717806593291	0.0562078095615036	0.0719736899120654	0.0135802198303872	0.00909893400168032	0.0221150305309253	0.0318205406942736	0.0194340682133351	0.0300996490876591	0	0.611308231126949	0.840642690679483
126432132	0.129021629339572	0	0.141955016676241	0.181492488608243	0.104407117428444	0	0.0163596925738726	0.0160973435671859	0.0242093991201249	0.00582091660873258	0.103741416828616	0.0566167080625598	0.0150013781840856	0.00917819766938387	0.0625957846260039	0.0910437553705632	0.0120680256280152	0.0303911297083565	0	0.628080241259563	0.819370801532709
126432116	0.0951951102141464	0	0.145487317973647	0.225831061150294	0.144451671619156	0	0.0228945283800858	0.00625301335349047	0.0241389255472601	0.0284719074243141	0.113865968991083	0.019586273159775	0.0174402763074823	0.0109515313223264	0.0546002034263194	0.0604016718643933	0.00742451872521995	0.0230060205410072	0	0.659953105497527	0.812117807357133
126431641	0.0820907284884912	0	0.161358757866601	0.223290366151272	0.1323184666655	0	0.0118986039524789	0.024930233269903	0.00701034936433886	0.00100091772119044	0.108946504450311	0.0224828865291372	0.0172812496212289	0.0118982759950385	0.0341392527896669	0.121424451133162	0.00739935191564345	0.0325296040860374	0	0.670103742631899	0.800998142661857
126432068	0.0794736842597169	0	0.173558519783452	0.213257426904676	0.125859085148952	0	0.0116451676299968	0.0154269069198652	0.0111609779314866	0.00496815421903138	0.111328298332148	0.0186005065885391	0.0175318815472062	0.0127149162992193	0.0386768940062739	0.131067507741583	0.00603265089548206	0.028697421792372	0	0.667269845548477	0.798035202917467
126431707	0.175605819262398	0	0.161503393525659	0.227630113580893	0.121285402786278	0	0.0241253797166724	0.0239732759221994	0.0245892911251104	0.00537333231796409	0.069244387142116	0.0404368970833242	0.0161598529398116	0.00907736214589134	0.0400167231166149	0.0186219357644811	0.0184856815951157	0.0238711519754708	0	0.600881039502466	0.840416083474288
126431675	0.259964015055193	0	0.142529192965909	0.211769312794387	0.084077111162495	0	0.014307423323781	0.0443135327588307	0.0222597487048967	0.0328171350559435	0.0628847770326258	0.00590850931616992	0.0300694933296064	0.0192767179886154	0.0283922100967652	0	0.00914305699144094	0.0322877634233412	0	0.664972223834788	0.815121972345423
126431755	0.154045014329726	0	0.135307170017326	0.231263295617287	0.120813860811888	0	0.0166434264735787	0.00950457446528297	0.0101027718283114	0.0028855962859397	0.0710758508961234	0.0531194975387316	0.0149734991725883	0.010743825487384	0.0418535980995059	0.0719844278544182	0.0207145406079383	0.0349690505139711	0	0.604110381046615	0.839325938719271
126431721	0.064812272536424	0	0.166289845152406	0.238314156595839	0.150224958485546	0	0.0185839731876724	0.00311874030645597	0.0206879060683345	0.00572057644180705	0.112180352487473	0.0207524707443185	0.0166648274232259	0.0120049996013884	0.0476278794792084	0.0853438973902805	0.010133365124042	0.0275397789755794	0	0.658167242239461	0.809089249528584
126431753	0.110571668961098	0	0.176526581601499	0.252043887317943	0.146427704426443	0	0.0402126102942604	0.0347056328501214	0	0.00482493108989057	0.121590682721805	0.0101477211880779	0.0156586257041653	0.0111747953769243	0.0307394918193832	0.0173604593024947	0.00617592985424657	0.021839277491648	0	0.705163756088632	0.795846478310741
126431625	0.162245180133508	0	0.126247205161608	0.227246531113209	0.12874581383515	0	0.00827682571384008	0.0125170060806874	0.0177800704856014	0.00755185533111088	0.0507243344364829	0.047058847541931	0.0164679716713605	0.0108076752200085	0.048125877563972	0.0894761529857329	0.0120119720969642	0.0347166806288344	0	0.623517128535368	0.828357315516044
126432485	0.0465224078640699	0	0.226189519516558	0.206426388691807	0.144424874626682	0	0.0339147275742088	0.00374445530952699	0.030166322915657	0.0166916323923338	0.10447076131009	0.0176043860755317	0.017628302073254	0.0101397618511675	0.0469164077750453	0.0638017057255791	0.00647064882684395	0.0248876974716457	0	0.697901451962316	0.782792531227864
126426507	0.126577900735949	0	0.125001460020792	0.249258311419813	0.147099454870632	0	0.0318400811462204	0	0.0331562898807916	0.0163898175088302	0.10209157955824	0.0122208859163181	0.0156721165747035	0.00954921186158545	0.0433453401457594	0.064324718311264	0.0045542828341464	0.0189185492149542	0	0.682635057463434	0.81085573725938
126426491	0.0657488755609035	0	0.169968404666407	0.295043367279306	0.154385214231002	0	0.0316985696062113	0.00867804080548887	0.0245624260461991	0.00310344741750508	0.114728730031559	0.0248080676363161	0.0132816340408988	0.00908242665982364	0.0329120528559877	0.0266928070153018	0.00210734238072457	0.0231985937663648	0	0.706462455820065	0.798480855073327
126426425	0.172738935048315	0	0.158247902217832	0.240732473701788	0.120739136351241	0	0.0149839122667775	0.0324006677382231	0.0245256323812861	0.00942970259606773	0.098241526388275	0.0231652593286041	0.0142763524805497	0.0122436825979327	0.0425048452749556	0.00625498939416992	0.00810641225782785	0.0214085699761546	0	0.670465706221519	0.810325159458608
126426409	0.15543584694513	0	0.136818910979903	0.26080389447298	0.135417281828901	0	0.0175537471898391	0.0112148305591634	0.0224191079020497	0.00787634343678221	0.0768872191620215	0.0309825772259771	0.0144230056215243	0.010311692949492	0.0376119741295168	0.0513022438557254	0.00770070607748983	0.0232406176635054	0	0.688812070375888	0.808347751249839
126431639	0.160575242480525	0	0.114677594042024	0.242991080894263	0.11460573736152	0	0.0167489539705198	0.00422410325965901	0.028985520914594	0.0145625118083348	0.0763902637729176	0.0209891775410028	0.0145503102582411	0.00901656570756994	0.0411513032868577	0.105867084509672	0.00870435804671493	0.0259601921455842	0	0.649830413805658	0.819446989040733
126426423	0.13096783556972	0	0.160754589141678	0.219731861906263	0.128033790339028	0	0.0289641551298086	0.0186151737596521	0.0257951318834219	0.00579967259590116	0.078948157478097	0.0502588238725874	0.0172345929831798	0.0115420954211208	0.0386000569902365	0.0481812150537093	0.0106422884335539	0.0259305594420425	0	0.672033973656813	0.809940586294527
126426471	0.127356554912275	0	0.153610694921673	0.255539899612951	0.139180583262939	0	0.0334578821661202	0.0267174779055413	0.0129526299659986	0.00746961837381676	0.0895517296213139	0.0419501351040011	0.0141007958556253	0.00982856566154364	0.0404002027843928	0.0197840847747113	0.00518366449255992	0.0229154805845374	0	0.674915584162152	0.811306165668333
126426455	0.0918124522384016	0	0.122493250640443	0.222868896620613	0.123917267083015	0	0.00787579162212541	0	0.0231085550159591	0.0169020210090186	0.0898398522828845	0.0515713264098284	0.0189916891597771	0.0130094331403208	0.0517885443457574	0.122091688948279	0.0160463781308665	0.0276828533527118	0	0.653702049185399	0.809661155843679
126431623	0.0878972221341542	0	0.120802689515829	0.230724304228445	0.119752642320809	0	0.0216996290173303	0.00663263051806256	0.022726511631092	0.0197349209323427	0.0791419620385699	0.0485318811105798	0.0198385099456603	0.0132292515996969	0.0508662971320721	0.116078779089638	0.0137460344921482	0.0285967342935695	0	0.627686131731377	0.822610684143442
126426503	0.145786559222508	0	0.124157050498472	0.253946289957098	0.140726298023138	0	0.0214749062444989	0.0199085443126672	0.0148864475523689	0.00436480279988064	0.100141682010386	0.0189971906088001	0.0139307227343641	0.0077425814578982	0.0342612866609844	0.0715546117850371	0.00446932124882962	0.0236517048830688	0	0.687896482178215	0.809499198612729
126432051	0.137352416182833	0	0.127679207311887	0.26687002416122	0.128120702684813	0	0.0266905979243073	0.0155702416708059	0.0193083641010045	0.01417842518468	0.0882174827439119	0.0181174233899134	0.013528301331714	0.00854504606052236	0.0363644181387414	0.0711899231981073	0.00626743510536813	0.0219999908101713	0	0.681476384339816	0.810920969047506
126435057	0.18489210999279	0	0.123021054411964	0.208374924304168	0.0858996372035446	0	0.00187558721799966	0.00183525198506934	0.038360689012517	0.0275970217166408	0.0747811316835034	0.00820792564866537	0.0193206864686772	0.013539297431471	0.0556897046078862	0.113355418436995	0.0148567718011534	0.0283927880769549	0	0.665026620600635	0.80372292670828
126435121	0.129480356071464	0	0.153242400244532	0.241540945498995	0.128541834245774	0	0.0115792613515474	0.00448767883595496	0.0231036793824022	0.0138341448444334	0.106063156127698	0.012023740515471	0.0158693716158704	0.0110697552665841	0.0473234009726654	0.0691470566346134	0.00691262890466429	0.0257805894873304	0	0.680788593555142	0.803127418509019
126435123	0.0854191916111322	0	0.160740603698072	0.196333870717011	0.0979592675997486	0	0.00426045703383393	0	0.0227012589691906	0.0372673456420249	0.0538703065444791	0.00201429011742247	0.0295657798931645	0.0111544664234404	0.0851115248873835	0.16184880038825	0.0259664941132916	0.0257863423615543	0	0.654448327446719	0.786835190401722
126435107	0.112702361209232	0	0.153576606189997	0.275336179011109	0.140590395733183	0	0.0345767782531876	0.00397131087418356	0.0208306879407589	0.0062534832080703	0.0850737866929631	0.0299542275566909	0.0140105450036493	0.00930737046163214	0.0507494697269481	0.0294950365424272	0.00725428896036174	0.0263174726356055	0	0.674032246310457	0.809636066279149
126434981	0.179431808959577	0	0.163076239766468	0.225552593732014	0.15548108801037	0	0.0193833440134962	0.00148971700479064	0.0251434398300375	0.0102227083943224	0.0961641067908376	0.0139742018498791	0.0133459083479851	0.00847763903105887	0.0451382477876866	0.0114314294522378	0.00994238622079289	0.0217451408084461	0	0.656823248049947	0.81805898481196
126435013	0.14805429394507	0.0203616965094475	0.229900753566805	0.188317073766834	0.0830420766633767	0	0.0106954287591585	0	0.0515208776579139	0.031511356663018	0.0893566479414507	0	0.0212406347004961	0.00916307060796266	0.0756989437086649	0.00572613447067327	0.0108159728326055	0.0245950382065224	0	0.680952481074945	0.782984713988465
126435077	0.0998653905252725	0	0.157960772058038	0.251744671933061	0.136936014487307	0	0.0159109095505786	0.0025465854522887	0.0275141385572369	0.0113418255323857	0.113542213054094	0.0156718742121615	0.0152260150394672	0.0101288456766828	0.0449479260439926	0.0630392089290006	0.00782762848172102	0.0257959804667114	0	0.675138303055436	0.806717652025374
126435061	0.114835784893394	0	0.193280419598053	0.213430381244103	0.121111558250066	0	0.0121543978186785	0	0.0373418186511973	0.0273843942770442	0.0789037485200444	0	0.0230095933811849	0.0103529668452337	0.0691298287609511	0.061100980723269	0.0149978347006514	0.0229662923361293	0	0.675135734390627	0.791265113030923
126435045	0.0136298553009198	0	0.158897457906387	0.144165642355281	0.0946972215219824	0	0.00586637865648311	0	0.0321660014621509	0.0321061037896115	0.00680699623743861	0.00526203774376989	0.0408544811080866	0.012829029586751	0.0920758754412201	0.301605076021605	0.0262777397647976	0.0327601031035159	0	0.660866065180475	0.760004928270051
126435029	0.0511518955234449	0.00620795835013629	0.213652412005004	0.165521012299487	0.10978346913911	0	0.00361753821227003	0	0.0363912029043249	0.0293740624935144	0.0787708670725132	0.00600694414980427	0.025438871765894	0.0111887442014688	0.0786430977802482	0.131044969378696	0.0243958150162396	0.0288111397078443	0	0.67138436276757	0.778243177005946
126435141	0.118124928069528	0	0.226657790859033	0.191343408629867	0.0815073468275217	0	0.012114121615446	0	0.0332209653504273	0.0264204557537378	0.0860184405547904	0.00102920298922142	0.0227500272305146	0.0106592224712046	0.062146174203765	0.0905441794337881	0.0128459814319709	0.0246177545791844	0	0.682324621642736	0.78113306931511
126435157	0.131195693442815	0	0.182484692850145	0.274272892528173	0.133051623019699	0	0.0221283862043864	0.0208143943619735	0.0197596569517002	0.00613545141577795	0.11343139391961	0.0108175322116379	0.012300840671041	0.00868492349129261	0.0326523732310314	0.00324671418685807	0.0055112853642452	0.0235121461496134	0	0.659703799995737	0.814893114541527
126435047	0.0551755783665938	0	0.176735239519584	0.214331213693559	0.075787052408599	0	0.029522485130035	0	0.0312531421112241	0.0305450948035264	0.0366563175866999	0.00594057134756679	0.0339609422581792	0.0115386414862523	0.0650806834867322	0.179284953196061	0.0274426228442191	0.026745461761168	0	0.652220121072626	0.789295206724847
126435031	0.111183826757466	0	0.18223631398387	0.178150697746733	0.0937311441272324	0	0.0146976314094334	0	0.0276825875712361	0.032757942722763	0.0649774286945732	0.00306034416001298	0.0256216756190551	0.0101095597767645	0.064955237334467	0.144022764960531	0.0218026412361572	0.0250102038997062	0	0.655452012491573	0.793168240207849
126435159	0.0218279325968402	0.00759048129125625	0.205673655959678	0.234158451139996	0.116046625049456	0	0.0284830778091411	0	0.037102989163128	0.04592846940129	0.0861180585023419	0	0.0287032295651492	0.0105451050586943	0.08451615006966	0.0428228131321531	0.0225022340380006	0.0279807272232152	0	0.650855788463025	0.797373006500639
126435143	0.0525748350132568	0.0194124530761151	0.186319141261812	0.217440322967191	0.111207268108217	0	0.00509586106565772	0	0.0339252847486357	0.0461598722386128	0.065625815811709	0	0.0296819863678663	0.0114800010143214	0.0900204968285618	0.081462642448227	0.0244890597739947	0.0251049592758212	0	0.656848533306339	0.791555090962111
126435049	0.0614933590265956	0.0276081066236996	0.216221094619177	0.198890308485244	0.0785373141603445	0	0.020852907975752	0	0.0399119448504435	0.0533472060639434	0.0799445095743799	0	0.0277758786539545	0.00949090217274534	0.0820844791808687	0.0554821469232767	0.0200031255275243	0.028356716162051	0	0.652778515220265	0.795077995187412
126435017	0	0.0223212503495499	0.268767365441605	0.204476224446824	0.0811646015309329	0	0.027572484310837	0	0.0571933828852081	0.0301283472740502	0.162398885695148	0.0018407017506548	0.0253687040824325	0.00928468597120405	0.0421261839807664	0.0261914417553136	0.00478931059795894	0.0363764299275145	0	0.655800305612418	0.798183656865419
126434985	0	0.0362205094705482	0.214711654892289	0.182376361781821	0.0953273509897152	0	0.0177887546395402	0	0.0343458888499429	0.0294365276183725	0.12725613443188	0.00306416079873973	0.0301494109927149	0.0103260430903249	0.0470671610474714	0.126963765073129	0.00740525695683044	0.0375610193666803	0	0.661000767082412	0.794000180274449
126434401	0.149888168009909	0	0.136362603445003	0.189550201599419	0.0682045910294312	0	0	0	0.0286123268401105	0.0312816563261258	0.0578707064743687	0.00540042875261884	0.0267965739509897	0.0150618140545701	0.0879809065937956	0.157196225305239	0.0182441877396506	0.0275496098787692	0	0.654941628503779	0.788137397884853
126434508	0.0282454575165678	0.00331743741125914	0.210217616120895	0.225728301365001	0.0808503092237646	0	0.0353477125793957	0	0.0478427767540985	0.0250093401314769	0.092700079256643	0.00172742820914614	0.0279784786959769	0.0120982804989608	0.0392163537932998	0.117193358083925	0.015381588901625	0.0371454814579652	0	0.656182207812506	0.799749557072783
126434422	0.160939978205016	0	0.16016885553885	0.221161120760962	0.10073639545455	0	0.0132877112941077	0.00506139001007289	0.0267046492991727	0.0346025514098957	0.0687392243183024	0.00721128713976023	0.0158775668049614	0.0119528490321762	0.0502215462667289	0.0890651836121519	0.00695480304094068	0.0273148878123519	0	0.67477581546455	0.800132607077598
126434487	0.12050304548591	0	0.151890582929743	0.257652761406671	0.138708955150835	0	0.0172200306834811	0.0139802831742939	0.0299226005152551	0.0132552611753839	0.107897578173919	0.00905406004821767	0.015455589225505	0.010641440804126	0.041539436209488	0.0369120188331518	0.010610495551514	0.0247558606325064	0	0.665049689877274	0.814661845515672
126434530	0.190711452837271	0	0.147582710748023	0.252380319705159	0.131928843423686	0	0.0220404431520871	0.0168229295285246	0.0149927505863264	0.00310396678167189	0.0860319046090002	0.0174653153458902	0.0118227486926474	0.00851914808051222	0.0316637660353946	0.0297287445750823	0.0130632642928065	0.0221416916059177	0	0.650017350627745	0.825505223389428
126434506	0.22725078197183	0	0.154596924513754	0.18030712584822	0.138440211457619	0	0.0148022916804038	0.00320154119470363	0.0168952118781171	0.0209734648588816	0.0521334734440807	0.0115246432587526	0.0138297911497018	0.00738180651124642	0.0406788473571644	0.0917062723295946	0.00220695818708052	0.0240706543588499	0	0.65783534631918	0.81264152239262
126434579	0.0550340023463516	0	0.27529233386828	0.156975781280997	0.139003205208321	0	0.0107682347552497	0.00347791118442831	0.0295044844183986	0.0305664199831421	0.0889441113297143	0.00811680535713094	0.023027406540801	0.0123890386235377	0.0557488330169945	0.0719982253052492	0.0136996217391561	0.0254535850422473	0	0.664794874056751	0.786298270580754
126434461	0.0666582148522916	0	0.177914438731122	0.18807449109057	0.0993170775351149	0	0.0116284745569928	0	0.0375993459947468	0.0210872745848268	0.066676878733402	0.0172689762684475	0.0220786603533792	0.0125888163843979	0.0902286163780755	0.133010242646414	0.0217990576544158	0.0340694342358023	0	0.675631568486456	0.775941263132686
126434524	0	0	0.265238279695022	0.156960267945854	0.0994967607071611	0	0.01150550055386	0	0.041568274010435	0.0224649125744674	0.136158000977023	0.0029604649961885	0.0224212592402844	0.0113870106844291	0.0503360566435937	0.136233299708987	0.0102662658674749	0.0330036463952195	0	0.689736593221285	0.767944679929461
126434559	0.114569096521506	0	0.158038145202684	0.230505308518167	0.127075227917921	0	0.0132292676961149	0	0.0395753727320571	0.0157093921855323	0.119296184669708	0.00240236208467288	0.016868019623092	0.00909567637464143	0.0645107928160943	0.0458525107317564	0.0189879801831541	0.0242846627428977	0	0.696863385066651	0.790724727526395
126434577	0.116258558054125	0	0.205054364740072	0.201660285338452	0.104234117724408	0	0.00923989799046522	0	0.028815391682579	0.0176586896349118	0.0833037219465317	0.0115402654833605	0.0161330906796558	0.00944676984276006	0.0462117078334957	0.115961360940344	0.00860781441724532	0.0258739636915944	0	0.682119463465846	0.786985861052927
126434413	0.158811944326922	0	0.150556078975613	0.243658604799002	0.139178272236144	0	0.0114834353336746	0.0275461886590896	0.00960514428130538	0.00657592474624907	0.0850040804946811	0.0271548280294062	0.012393719017493	0.0112535372838185	0.0419235180624454	0.035231897955714	0.0121432699448771	0.0274795558535654	0	0.63451162172034	0.826593932018071
126434561	0.153472237851955	0	0.144863029627362	0.247838355607021	0.126644959515849	0	0.018167079689778	0.00655571462564465	0.0273779790522853	0.0387527604626866	0.0850165206068824	0.020744924152184	0.0156430161580148	0.0111659151021251	0.0538392272368395	0.0109295343928667	0.00792360993759588	0.0310651359809097	0	0.651483596817759	0.81916940102635
126434504	0.14767691986787	0	0.106471333326361	0.248967211273065	0.115680453871784	0	0.018120765698532	0.00554735455942557	0.0245320555302444	0.0221081004253079	0.0733277454416258	0.0203379672937272	0.01642204354186	0.00948857236873702	0.0481339632019472	0.102283147224382	0.0131960731106244	0.0277062932645063	0	0.651100194086675	0.818155743327934
126434409	0	0.0249639171961439	0.3045015662844	0.135694003837102	0.0886653169901607	0	0.0151670869030678	0	0.0395058101779645	0.0280600317134248	0.115177644989682	0.00335093600474644	0.0252960072263401	0.0110709043407448	0.0599096497739714	0.0993432174902364	0.00835570098213873	0.0409382060898764	0	0.684157633600708	0.767541495933041
126434521	0	0.00457968687043336	0.293586266002586	0.139486604117937	0.0922789949759036	0	0.0112620532007389	0	0.0384325367959327	0.028778032380458	0.122571944595927	0.0143801870051593	0.0239023672374358	0.0103369444913207	0.0567670206934363	0.109868871083121	0.0102893650878218	0.0434791254617886	0	0.670777103084045	0.776347354224322
126434375	0.153455440852021	0	0.150511177867412	0.254893937944222	0.119328160363966	0	0.0195341122945697	0.00822878096565635	0.0226793435977422	0.0241469990479959	0.0872109509364346	0.0244402610432822	0.014679373919804	0.0111910606649729	0.0454970860101837	0.0322885762912273	0.00538295299372979	0.0265317852067808	0	0.672093811006206	0.811458560698875
126432574	0.0288044796680539	0	0.214207458445379	0.16166989399902	0.133502555885377	0	0.0124753478600324	0	0.0342263135728924	0.0255431900746875	0.0967008851920626	0.00744524382213363	0.0237107155775763	0.0114015186027617	0.0483127628669726	0.150986678139029	0.0130478002599681	0.0379651560340541	0	0.67882032815409	0.780308381611277
126432540	0.0277592269218663	0	0.257476126758858	0.112620274442593	0.120796189981068	0	0.0125335466262443	0	0.0410982611992166	0.0270430903686642	0.064703137540831	0.00553331413150454	0.0294120522755667	0.0138082471286089	0.0981526994736925	0.131992958068803	0.0275981846609052	0.029472690421578	0	0.689610853527587	0.75524872778441
126432672	0.20808669329085	0	0.158453655594025	0.198273561005061	0.141791286865348	0	0.0105342553481929	0	0.015738278388554	0.011468935908486	0.0566642992332052	0.0449970584476808	0.011512923141422	0.00966516536808161	0.0385184361465135	0.053878785997097	0.00935709908270776	0.0310595661827752	0	0.647242722865577	0.821768404070368
126432536	0.0464123566082188	0	0.274708675536124	0.138057498688293	0.137956758390877	0	0.0106310984354793	0	0.0315361395873403	0.035898025122306	0.096698287233526	0.00815512113450774	0.0200686637524238	0.0119026957035175	0.072223964172344	0.0791233918863208	0.00976687790201403	0.0268604458467071	0	0.672395199322211	0.777438542272858
126432604	0.0917178324628127	0	0.176865860833476	0.202660597061573	0.127848681955442	0	0.0127498744058378	0	0.0370784663554735	0.0176323322434329	0.0711950269630115	0.0271827677759495	0.0159749114559605	0.0101741273576401	0.058000260261739	0.105794422477211	0.0162522835916926	0.0288725547987477	0	0.658348957868637	0.801065711351369
126432668	0.109338110380521	0	0.133027521696543	0.214972388929515	0.0986861614017727	0	0.0218095332574957	0.00052925554030925	0.037385544642277	0.0354613841521492	0.0920168656876908	0.00758846087520069	0.0266865478141787	0.0152176550596853	0.0652403298220433	0.104207660120116	0.0121279504955774	0.0257046301249245	0	0.658630913162394	0.80346017274959
126432572	0.197259312160302	0	0.14654407639252	0.214317713936328	0.081077656855212	0	0.0355020065127628	0.0216264562503418	0.0166377970687922	0.00418893403403495	0.0509119683821739	0.0566536590608424	0.0150656899908426	0.0114545792155738	0.0595544657653012	0.0418884236973285	0.0178321114487966	0.029485149228847	0	0.645997984061326	0.816260683545793
126432519	0.0653653731636585	0	0.149418975256072	0.243421395789863	0.142640989687164	0	0.0130704608840084	0	0.0290067744512561	0.0187975893484878	0.104456191204063	0.0172040143986	0.0140836104576957	0.00996687334681347	0.0406185662623113	0.11351480276671	0.0113164986963335	0.0271178842869635	0	0.672728461590746	0.803193947335992
126432503	0.0605897327640701	0	0.161947460244105	0.257064044773791	0.149231897908839	0	0.025307848161975	0	0.0468405354183035	0.0232811435688853	0.126811658839288	0.0169636494194353	0.020203923876685	0.0135044798643382	0.0429515581007656	0.0201454831574559	0.00375981502266556	0.0313967688793982	0	0.672294355666702	0.810940175512929
126432070	0.0430562911198447	0	0.183190665133657	0.205891108765315	0.15040032766982	0	0.0230149045346296	0.000681855213119843	0.0198409018027567	0.00573090715070479	0.0888527872420982	0.0340437309679882	0.0162933394592397	0.0109296363132743	0.0478882225168785	0.11770786404384	0.0155799872675043	0.0368974707993284	0	0.654328269590338	0.803793936668486
126432168	0.0886459982698407	0	0.118821426934725	0.202879729166482	0.0968003439148758	0	0.0171162077018473	0.000471476916719748	0.0223171312246564	0.00410977989600891	0.0608050453787597	0.0558573286373346	0.0259970228794966	0.0147262581686614	0.072861744464585	0.151126433487515	0.0255443071654038	0.0419197657930881	0	0.596070089782064	0.825522193115575
126432102	0.121187345930105	0	0.145346071610835	0.228242968850258	0.146204965757353	0	0.0227690818299756	0.0109440560794002	0.0217717707022268	0.00617027188259708	0.0855986331617076	0.036357751216014	0.0160120618605439	0.0115422978190231	0.0361953258998207	0.0753772261036405	0.0109744876373702	0.0253056836591292	0	0.649065508021992	0.820945123032766
126432056	0.0804225293788312	0	0.158440634031781	0.260709765706182	0.140613270577943	0	0.0138311511648053	0.000679055379926884	0.0230543095376474	0.0126356707718781	0.079954101672777	0.0433749394903744	0.0149670730841927	0.0138219431923862	0.0585191868058411	0.0428878754981984	0.02251796966284	0.0335705240443955	0	0.647983185883723	0.815108257077776
126432198	0.130654941981851	0	0.15879800483708	0.224757348822034	0.109812942287955	0	0.00409777693085489	0.00147918375153136	0.0282154504048132	0.00294790659245533	0.0675824596317245	0.0929362046622965	0.0139644064759123	0.00937448022473414	0.0411535337401214	0.0589800513856217	0.0239329668587652	0.0313123414122494	0	0.582169511099778	0.845784921329157
126434342	0.125443299988308	0	0.141140469104522	0.189762524364002	0.109480671099118	0	0.00842678820349869	0.00842485929970609	0.0285773795322804	0.0128327396970153	0.0908698440535828	0.0641263926173776	0.0146779938523818	0.0105833164599989	0.0671666439217621	0.0869902588468254	0.0144043308941096	0.0270924880655123	0	0.637711462043039	0.814035295522311
126432148	0.139063817663184	0	0.148860374173054	0.192606990328625	0.105313849040497	0	0.0130774416131315	0.0124083990843999	0.0275561618864723	0.0072731146398228	0.08313539081053	0.0523192347776451	0.0165076341830668	0.00929133261677159	0.0705789742255629	0.0823227523715662	0.013607182954593	0.0260773496310786	0	0.626144683032365	0.817983927692783
126432100	0.0384578710481377	0	0.225647597650506	0.192504886243181	0.140656912362518	0	0.00819896019436414	0	0.025563902776143	0.0174412198753859	0.097856955675302	0.0168606389794625	0.0182724190494916	0.0109896216271125	0.0628511005748377	0.100670056020664	0.0135922856442663	0.0304355722786285	0	0.6696330515095	0.787248557605062
126431657	0.0792822774522713	0	0.209499511988919	0.22584061882579	0.137036250435032	0	0.01576513321304	0.0214167489226191	0.0124908262433942	0.0133369052757885	0.112619805370207	0.0098555210939811	0.0175203182030526	0.0121058208338505	0.0465234493908167	0.0565674953186615	0.00721499117729394	0.0229243262552821	0	0.676511785391092	0.794951455081685
126431739	0.207213046539741	0	0.169705460480689	0.23259347612517	0.101294996163656	0	0.0170681561183233	0.0154841492410601	0.0221277295701297	0.0115705799833238	0.0595630110477892	0.0394718584697832	0.01406589708187	0.0109145567259213	0.0413559612382946	0.0203886370276985	0.0132962041199502	0.0238862800665994	0	0.631276806346553	0.826212286247709
126431772	0.141738040466858	0	0.17705473441536	0.272162740396382	0.146436870563641	0	0.0298392687282335	0.0388747866387637	0.000567362719936329	0.00443533058575712	0.0738611334159676	0.026477373883386	0.0139198730412813	0.0100666199782157	0.0251926140326539	0.00510365290443478	0.0114552846483545	0.0228143135807742	0	0.643869124875893	0.822564982351782
126431805	0.0642485450442161	0	0.127593571977306	0.188044680398194	0.0950438720689833	0	0.00630278024218354	0.00288081267382432	0.0228228896553934	0.00300051484077141	0.0765087347535597	0.0522346084347244	0.0170010446840863	0.0114556312467583	0.0537436158167027	0.211000484181762	0.0247227453644125	0.0433954686171225	0	0.638472411540191	0.798291445821985
126431789	0.0877828368522079	0	0.161244396068192	0.25805899204	0.16783020641134	0	0.0218332864395769	0.0157212230759725	0.01993496491415	0.0153880557054677	0.120269254562869	0.0118825239408106	0.0164266631089865	0.0125602158235782	0.0422797659843264	0.0211518475435868	0.00764775998803889	0.0199880075408968	0	0.654839943514329	0.818019546403555
126431737	0.064881484059405	0	0.222225033202021	0.22626731797076	0.140170761519632	0	0.0172329417201527	0.0175466970443387	0.0182988813603193	0.00678171857973622	0.103650662993636	0.014997177128076	0.0188893254587451	0.00967920822189938	0.0423739794955592	0.0575161305465115	0.0111073846546861	0.0283812960445216	0	0.678713983851078	0.793225728387373
126431770	0.144828015655126	0	0.152866329346566	0.262899352569072	0.128484191509966	0	0.0177930427406863	0.0291864655160803	0.00622709966144897	0.00702368181827571	0.0623371885785596	0.0442854640655315	0.0130645558107725	0.0115213966354611	0.0300278549763684	0.0446037265417502	0.0129574838002482	0.0318941507740879	0	0.630585404640628	0.829892751963962
126426537	0.107939225488064	0	0.167729032021857	0.191525513703073	0.104941215616606	0	0.011683841414579	0	0.0291305848762857	0.0166697883975589	0.0809890382770154	0.0126088028294954	0.017287725057863	0.00962656457458278	0.0438982470861767	0.157407919659786	0.018835401479742	0.0297270995173143	0	0.666310025531911	0.793542093143891
126426553	0.130394902420433	0	0.152054260166714	0.232852301530279	0.124186154283761	0	0.0185617070736652	0	0.0289444579208906	0.00843257836524966	0.077691763385057	0.0287995185332756	0.014006921847283	0.0091371783253469	0.0413835031500838	0.0964903574015166	0.0131898897289042	0.02387450586754	0	0.683090916903637	0.801124259758944
126426569	0.0547446270649875	0	0.226561547982815	0.168635526025714	0.112207723728541	0	0.0111270874096774	0	0.0336605547172095	0.0180767227240439	0.0803542662460663	0.00796903287774	0.0215529002527833	0.00912843344981574	0.0552940843726699	0.163557461541471	0.0144864788640436	0.0226435527424228	0	0.704786640322107	0.760161601977523
126426443	0.203416840451797	0	0.127700420125778	0.211554411572752	0.0952652865145378	0	0.00970292958624731	0	0.0292093389632286	0.0049432816439898	0.0597242198036127	0.0455401610538597	0.0141989680801899	0.0093679397035197	0.0507863628948762	0.0837982959157248	0.0226332995263636	0.0321582441635231	0	0.638644371306172	0.822097806985198
126426427	0.111968319387296	0	0.206963570071678	0.191299939366443	0.0980059655426399	0	0.00591911324850311	0	0.039140016086723	0.019438433600017	0.0866200219405851	0.00717242126779689	0.0158253501684738	0.0106047111417494	0.049259282476852	0.122504308324008	0.0149096462772301	0.020368901100004	0	0.419374026866621	0.907960045701278
126426567	0.188149363884414	0	0.0934529142453676	0.205039368298327	0.105730763642788	0	0.0134614955887024	0.00192582589041985	0.0270827938622873	0.0142844882345178	0.0508839438258668	0.016005963329272	0.0163932176958448	0.00975954510369021	0.0349176015731964	0.186846797543649	0.0112133545262139	0.024852562755442	0	0.670954750209923	0.796469193141621
126426535	0.20347035972217	0	0.110078001148294	0.212765290686288	0.0995907604157474	0	0.00876213370549998	0.00471048725156561	0.0285074909452455	0.0197871223400114	0.0601842526797381	0.0134976126367726	0.0169080837299289	0.00958368771793618	0.0384185508773659	0.130219419212819	0.0140621911725352	0.0294545557580819	0	0.653307446423868	0.814127477019131
126426457	0.176444140397634	0	0.131470562753463	0.236541388544008	0.144252367980559	0	0.0125490893732309	0.00684801593481888	0.0290921062786171	0.0244869682509934	0.0970781982354482	0.023821501482128	0.0138204758829774	0.00991788469762513	0.0396040491316656	0.0244144782917064	0.00837152625757893	0.0212872465075456	0	0.656763771012268	0.824194388536924
126426441	0.109543197185896	0	0.152381868314773	0.237859722888877	0.117107374839929	0	0.0052239057626609	0	0.0366474812095964	0.0121871796571053	0.0854721813535054	0.0421784600567767	0.0157336694757226	0.0105481470263404	0.0541301432593231	0.0793878956590518	0.0197217955103074	0.0218769778001353	0	0.651197246253528	0.81246106338458
126426393	0.169246377176184	0	0.144013663715565	0.242180364048543	0.120378879390671	0	0.0144445128798443	0.00338894696029003	0.0223965620466441	0.0104489236786011	0.0676037736968916	0.0351237307852184	0.0134265279631655	0.00973004305797251	0.0337270685313015	0.0801942683162717	0.0122866715885282	0.0214096861643079	0	0.67411082374219	0.811071303093674
126426407	0.114535638084209	0	0.182261596681887	0.277276931219243	0.12376216939428	0	0.02535372796243	0.0402558110346978	0.00499570599904534	0.00560011345177639	0.104751280248907	0.00911390915371931	0.0142703696966941	0.0116049648025577	0.038559486284775	0.0157740240294702	0.00871035048490808	0.0231739214713999	0	0.659370300742849	0.810741193364625
126426439	0.0997257468992636	0	0.162274739323122	0.278769135155856	0.115604933534564	0	0.0179667017390595	0.00386140938844927	0.03081505323177	0.00956718461019196	0.0990215117814715	0.0218070374844929	0.0152302070058575	0.0104566997568911	0.0406639767567093	0.0681658529478331	0.00918969333588467	0.0168801170485832	0	0.692121052549269	0.798966560440129
126435712	0	0.0123700431319057	0.224255873795374	0.209921655744256	0.110446382108636	0	0.0283849876408778	0	0.0431693941219696	0.0298786940483378	0.1390904063845	0.00323955542818063	0.0219025606612308	0.00935816120473796	0.0541542188292746	0.0765272699292788	0.00625478096039078	0.0310460160110489	0	0.688290894491575	0.783511065591595
126435886	0.111621295640135	0	0.145616373576625	0.247320476657802	0.124478782064483	0	0.0205844016599361	0.000263277153433273	0.0251231579309027	0.0241659867613429	0.0968538634900462	0.0156527076540675	0.0166464161366605	0.00936843806372764	0.0575352182183974	0.0776588027249613	0.00494320054863059	0.0221676017188491	0	0.687243875985347	0.797254777273558
126435870	0.110627228819011	0	0.134718095812188	0.244445440508724	0.124480265270942	0	0.0186965523430749	0.00459255967390034	0.0185715478288552	0.0114692889461506	0.102140807157498	0.0276713775704677	0.0157691918516086	0.00816384273471257	0.045741433274418	0.0927500232738078	0.0109367687624372	0.0292255761722046	0	0.699358016271367	0.795966122156626
126435854	0.0897607749931942	0	0.151383054079044	0.216761070443528	0.132446380741758	0	0.0173204217861969	0	0.0309916657898702	0.0176678429339232	0.0931663689339989	0.0134732162359487	0.0179725888930757	0.010751492051636	0.0399701702745009	0.129334758163307	0.0135928313021811	0.0254073633778373	0	0.681650431605886	0.795781853392589
126435838	0.0697666131278167	0	0.209290079099541	0.21266748662051	0.169997465614863	0	0.0217489156577979	0.0117657395176459	0.00545227439533845	0.00223041749161025	0.104187689731481	0.0176579477962092	0.0141247816117195	0.00876242497316451	0.0525925057896573	0.0674571495628309	0.00820578441616714	0.0240927245936479	0	0.716074244228042	0.774858387167938
126435822	0.0610452992557624	0	0.213180605570364	0.233851775027253	0.141772013500201	0	0.010940679804422	0.00984679059807861	0.0121483323454528	0.000122347787594429	0.113109804160059	0.0226171671662189	0.0151877101478153	0.00972368503844656	0.0500729237242288	0.0781278305752415	0.00613616986605954	0.0221168654328019	0	0.711558939598174	0.775187611488669
126435774	0	0.0416389388392101	0.236136801983075	0.209834638387263	0.0627573829880857	0	0.0279729391288518	0	0.0493339413275964	0.0236917515145814	0.149783768307347	0	0.0260960413291924	0.0102196521971247	0.0435106252057856	0.0693051988109753	0.0104462602261091	0.0392720597548028	0	0.661374756339493	0.798253179673007
126435742	0.039087659666953	0.0122173227165537	0.203357323927109	0.193001407654068	0.0822031778635892	0	0.010616314917206	0	0.0353524029138064	0.0261572385343703	0.0859488532269271	0.00327323229677364	0.0256019772496512	0.0101789015817421	0.0650519684312913	0.154035028366942	0.0177442608824339	0.036172929770583	0	0.690697837049195	0.769714774715137
126435726	0.0860226893294569	0	0.163508519859297	0.225892118710004	0.148938352009256	0	0.0215231252223682	0	0.0311201005528878	0.0180593725777615	0.0874648072429374	0.0213032976080415	0.0151517088415904	0.0086182968874213	0.0446089647053589	0.0945207288259399	0.00830369523965727	0.0249642223880219	0	0.677327905635847	0.801275585532548
126435710	0.143882834224739	0	0.136288396133994	0.24557605329704	0.156863613972661	0	0.0148713662859384	0	0.0137742768346856	0.013488086508419	0.0844659904986656	0.0207289493096808	0.017298308368682	0.0135187262216096	0.0395281509027985	0.0767110225982792	0.00464435309236769	0.0183598717504405	0	0.709492630766565	0.796505897805505
126435884	0.154658202920259	0	0.145520233429696	0.214844247540074	0.133893675651176	0	0.0169834064369093	0	0.0220947273103426	0.0118420447013885	0.0764122362662048	0.0374560189781005	0.011921283413334	0.0103313234237574	0.0472764172918883	0.0879821708298881	0.00626082636679379	0.0225231854401876	0	0.689607843907681	0.798905833722232
126435836	0.299103136761974	0	0.143901642906517	0.213979040492996	0.115212069683644	0	0.00311894895239199	0.0221908962962622	0.0143056306451092	0.0163157431906776	0.0542449136504709	0.025957215980364	0.0133111658623567	0.0100453306427061	0.0453709624294473	0	0.00357088678961631	0.0193724157154671	0	0.664673556173211	0.815276154055669
126435820	0.274772927515638	0	0.121869379363485	0.187205690120522	0.0861055753498722	0	0.0150955137249293	0.0152752371816326	0.0245059907170997	0.0294964788258424	0.0629726609964412	0.0293722571979523	0.017356680142096	0.0116674696603126	0.0680857508623814	0.0227586866681898	0.0105486976452426	0.0229110040283632	0	0.669102879563302	0.807896433673278
126435804	0.140466531468825	0	0.138106068437028	0.249826828252218	0.138788469106573	0	0.0350199446725157	0.0117446742647652	0.01178931942379	0.00157151194034624	0.0620850008257963	0.0418902135114757	0.0128713421992985	0.00914293544624997	0.0390889541098159	0.0740365035352566	0.00973650921675677	0.0238351935892886	0	0.680187690419931	0.808999571030951
126435788	0.0679997024405188	0	0.203512256033427	0.18093517697654	0.0853327298519289	0	0.032983656240286	0	0.0372577234593687	0.0307119422691967	0.0764887201896376	0.00389500085732415	0.0244237070818189	0.0112655589890719	0.06162337465261	0.137585605148086	0.0112505956426633	0.0347342501675212	0	0.696658360698115	0.770709000595511
126435740	0.109192588373268	0	0.152289097356173	0.249978822709343	0.131247518648952	0	0.0300291094138767	0.015017500522975	0.0243008873281037	0.0120367740522228	0.0951232542956436	0.010781921867316	0.0182035243537527	0.0107456064460065	0.0400877730745082	0.067138689556169	0.00651284561807813	0.0273140863836122	0	0.679761511085877	0.806018322186662
126435724	0.0135055367490075	0.0195519770504588	0.296370018769311	0.156934955466341	0.131316498191938	0	0.0100558541349099	0	0.0302488938338013	0.0291661123669314	0.0925232129975852	0.00517794430383313	0.0219694039482681	0.0110576483408748	0.0633869336945317	0.0886793237122786	0.00701082337549212	0.0230448630644373	0	0.714357175413462	0.751941588359074
126439253	0.0362882199426557	0.0209889839847426	0.266121174714613	0.138682207376475	0.111188773391098	0	0.0161740013727989	0.00429260340133338	0.0432364024264305	0.0455368877289856	0.0755902316751841	0.00283150679282272	0.0282998587777539	0.014236089950051	0.0647178061786887	0.084602761932669	0.0160675617520762	0.0311449286016213	0	0.660360412467889	0.786296027638255
126435708	0.0984502375867147	0	0.147093106410379	0.239061378227651	0.155376821616651	0	0.0247159817083732	0.00849128517223311	0.0239691715387264	0.00729629381563505	0.08205577073121	0.0343559991894376	0.0112518822401784	0.011754942374928	0.0506224542774324	0.0704212118927507	0.00883190163167099	0.0262515615860286	0	0.697321731096902	0.796080485983254
126439237	0.177321538883507	0	0.124761131080406	0.229053607204679	0.0815740282103082	0	0.0217418948631672	0.0212033360820468	0.0196181803368749	0.0119686488400429	0.0736971582997703	0.0193269076744258	0.018707791808087	0.00967345099706678	0.0401470317079727	0.109846347333797	0.00962564786455963	0.0317332988132894	0	0.653671675629961	0.814227854149664
