Mixture	Ex1	Ex2	Ex3	Ex4	Ex5	Ex6	Ex8	In1	In3	In4	PVALB	SST	End	Per	Ast	Oli	OPC	Mic	P-value	Correlation	RMSE
141667089	0.101007649529686	0	0.154846455434002	0.255766246955607	0.109577584283352	0	0.0123193906371405	0.00653644407815611	0.0410183619010307	0.00619243887693996	0.167543234437933	0.00605954854737803	0.0177911725053599	0.00650059705956802	0.0591528831327917	0.0281611527075769	0.00206765339194914	0.0254591865215296	0	0.631871162662609	0.796939734031647
141667177	0	0.0229591926006059	0.277243007379287	0.148286690394989	0.104110049767901	0	0.00353592648736802	0	0.0765146513685423	0.0314333921345549	0.166102123396707	0	0.0163482141287059	0.00712441262662779	0.0756472196916876	0.0389901094033239	0.0036326769743083	0.028072333645391	0	0.630089713784937	0.780967520335608
141667207	0.096268221193412	0	0.221749528260154	0.147797839347698	0.0730619484563914	0	0.0109152524833941	0	0.0485628345667339	0.0275289889374115	0.127962884979112	0.00727206384211377	0.0241663702798008	0.0111997147744775	0.0927090100172377	0.0786531073900675	0.00451572305478113	0.027636512417215	0	0.671297362949703	0.758631126615376
139409861	0.074157090736892	0	0.154512194338874	0.239563608395307	0.0795870710015775	0	0.0156317503976632	0	0.0463907400693779	0.0128651788565119	0.124295913128935	0.00140794308592644	0.0221063753894854	0.00796326166785482	0.107419604805242	0.0441469710045448	0.0144382554257977	0.055514041696011	0	0.575930160664872	0.826058616991745
139409845	0.179211442961048	0	0.166103353761518	0.203365547749153	0.0846721184211724	0	0.006742048841013	0.000692625086667911	0.0582806912180848	0.0188302121095002	0.125802512263111	0	0.0178950205484351	0.00864393656566521	0.069155265181529	0.0268091064633643	0.0111713484787073	0.0226247703510302	0	0.654158774227785	0.782768223908528
139409841	0.186760390547951	0	0.147002428317905	0.160920046721473	0.0500505028650158	0	0	0	0.0557195448425057	0.0289683406182301	0.0689555006745802	0.0108939554139846	0.0151923835873889	0.0110062519255902	0.156081612844977	0.0584510319766842	0.0151745614552546	0.034823448208459	0	0.644642051252864	0.783602158562103
139409825	0.188837935061394	0	0.152624297915867	0.233102357858439	0.0989695295795642	0	0.000937067491712599	0.0133258958365711	0.0481593849492767	0.00922004354250125	0.0878650871442281	0.00246039905267818	0.0176996795682194	0.0100612292806452	0.0633672060660615	0.0306498279187229	0.0114938883193274	0.0312261704147924	0	0.639828497576042	0.792139877329977
127687007	0.131334889834818	0	0.145411051433042	0.182981106163596	0.0480507046349684	0	0.00638156658706613	0	0.0590063465208323	0.0152443868815151	0.0915318928859741	0.0325912143300382	0.0151182963151998	0.0108811796280851	0.110431178291975	0.0935986633471083	0.0199777982727655	0.0374597248730163	0	0.621821236624341	0.799290460794651
127687057	0.172692498284518	0	0.137121672637453	0.191959529621963	0.0780997165722423	0	0.00269570917409582	0	0.0486279585796111	0.0143479295151902	0.0612990403921665	0.0223878870175997	0.0187433946093293	0.011181839239111	0.0993056349929108	0.0895346845139418	0.015700674342122	0.0363018305077465	0	0.659827673525506	0.779689277805017
127687001	0.219571868687985	0	0.148200643454458	0.232941436078684	0.0688903779175936	0	0.00116424139725547	0.0289573211943463	0.0517815414070574	0.0154265354460283	0.117554130199972	0	0.017026969140114	0.00833040512451764	0.0601993663298031	0.00138973346177279	0.00539599355122332	0.0231694366091883	0	0.609136181897282	0.809083348533158
127687065	0.236708623668494	0	0.14718207460854	0.172885083846634	0.0230715917357487	0	0	0.0105434146242056	0.0640615372649811	0.0662902015509219	0.0741585817347	0.00128967176278771	0.0215781747277133	0.00904039023287095	0.0934599805298504	0.0406624584442739	0.00977506802468211	0.0292931472435959	0	0.599765874815801	0.813778913137943
141667185	0	0.037727540232687	0.225473663943095	0.18918388057306	0.0373416381903065	0	0.0457104193166364	0	0.0497867763987948	0.0096176741168221	0.170344882720207	0.0251756362354693	0.0174697932526863	0.00970197463538422	0.0704418479662553	0.0821344401740241	9.19163875140957e-05	0.0297979158570573	0	0.647339900513963	0.775547466607336
141667169	0.0303582988648271	0.0122297298433117	0.191915728772391	0.248796099350313	0.0619475539271647	0	0.0383612633107512	0	0.0561472239719153	0.00908458492870923	0.157745495574988	0.00149662459697292	0.0187575467270819	0.00870278453420038	0.0581538640959388	0.0865260696300367	0	0.0197771318713974	0	0.691018948007828	0.752810725006731
141667153	0.0072484076097597	0.0443688397760982	0.205176968328818	0.252658255764729	0.0503237897404752	0	0.0348799893278237	0	0.0610453329388637	0.0164150350686164	0.188453035862698	0	0.0194547912403526	0.00951119280719457	0.0744783598143692	0.0103933897841627	0	0.0255926119360388	0	0.656539710080343	0.774060597273639
141667137	0	0.0267756619484171	0.279097921463565	0.207461012900456	0.0739867663592129	0	0.0197004719964677	0	0.0556483339879411	0.0121122075929409	0.179227983561204	0	0.0165883688664414	0.00776769570736385	0.0481710342638399	0.0504154140482147	0	0.023047127303935	0	0.672022094320196	0.750828449141711
141667229	0.0447988582810569	0.0248757257935548	0.253398126475547	0.229332022928841	0.0918703619259618	0	0.0227311686296891	0.0188461747392176	0.0318713227653393	0.00817241450089762	0.144458736100301	0.00268982054901974	0.017053229413397	0.0100442031980478	0.0421735375373431	0.0308105191722591	0	0.0268737779895271	0	0.701615942500926	0.733132185310224
141667103	0.0665758706741546	0.0115126993610427	0.197328735174413	0.25350942472001	0.118009087500421	0	0.0272210949934465	0.0210489500676039	0.0337223370740098	0.0103977103532524	0.139162655382489	0	0.0183835823217048	0.00888606533181346	0.0471514801834774	0.0175919669679574	0.00122328839593618	0.0282750514982676	0	0.694352066945395	0.750426141671345
141667199	0	0.0531639213290155	0.189064683254304	0.237347291050483	0.08592957074361	0	0.0360110664639255	0.00710726817545159	0.0470373160436246	0.0161034288516815	0.204852385955224	0	0.0208690878296002	0.0117785592665367	0.0570028482764871	0.00194906201516427	0	0.0317835107448917	0	0.652473651421148	0.780185027897803
141667183	0.0561292531703345	0.0244550550700267	0.214214196652728	0.208635239674896	0.0347224356924706	0	0.0275689516550228	0.0257529555255757	0.0367779786556723	0.0206319433809058	0.158772766183763	0.00468061557585435	0.0218128169672274	0.00929787152509057	0.0636562970172181	0.0625339130151379	0	0.0303577102380769	0	0.662427453731136	0.766066862710048
141667263	0.00746964379805729	0.034136197952729	0.286957540044503	0.211652069898978	0.0806406779755709	0	0.0202745123042855	0.00465358688756422	0.045914378840793	0.00997463470924737	0.180795180316338	0	0.0172265053920827	0.00920273097740846	0.0502271953292312	0.017090611558976	0	0.0237845340142356	0	0.714147931475357	0.718028936700368
141667179	0.0500965752815303	0.0019976384098018	0.174659745466827	0.252115072765948	0.124396255446164	0	0.022867922977471	0.0127298922494449	0.0335649392786471	0.00553602441930155	0.140749550921852	0.00843207643243358	0.0158647585602978	0.0080299699014078	0.0684129720768997	0.051334775285597	0.00304107328152725	0.0261707572448495	0	0.667459020796372	0.77105505770709
141667227	0.0572561632060029	0	0.216268097514432	0.205219243237202	0.0657832799492352	0	0	0.00668122388926097	0.0403401195868627	0.00465729834244651	0.133763796873048	0.0106002891514054	0.0196495698419803	0.0129843298239055	0.0722186969139432	0.131662203002806	0.00317603535505123	0.019739653312417	0	0.679015193837942	0.750584091217971
141667195	0.0197835079304416	0.0152316869099131	0.257000133872922	0.202429061391616	0.0911338656490941	0	0.0170973600625622	0.0184705167695447	0.0362028217931949	0.00522032581710908	0.143298630922173	0.00339250514493139	0.0198650158903644	0.0104061230702104	0.0608141791058324	0.0719238573740499	0	0.0277304082960408	0	0.700031683641804	0.731960119624871
141667133	0.0640674355074327	0.00986845776204004	0.184389738118465	0.246926895202495	0.121719987673562	0	0.0210318922149701	0.0260053917982577	0.0223875565014346	0.00225696344841927	0.118154115823145	0.0089377770045176	0.0185130259933975	0.00943312819315189	0.0621923710091909	0.0524965106255222	0.00420118654645087	0.0274175665775483	0	0.66935129039025	0.76698581299658
141667117	0.0691020502426537	0	0.200592454975058	0.226580236594786	0.0815353494887716	0	0.00869335569304688	0.0241023444574368	0.0282817316120295	0.00212446631379002	0.153597692189511	0.00323905100043007	0.0219869013879637	0.0106596027151555	0.0548743520595507	0.0851345957294015	0.0011735794440488	0.0283222360963657	0	0.673642863135215	0.75933597030629
141667213	0.0987511288831611	0	0.136960389403684	0.253773141603467	0.0936354612344246	0	0.0216263667236094	0.0227855596820268	0.0364542920505651	0.0056323804254261	0.137302409378779	0.00307160976947536	0.022639772420405	0.010640969987756	0.0618356018806538	0.0665479098601427	0	0.0283430066964234	0	0.68292888652933	0.768267923009273
141667197	0.0722406032416378	0.00407894423091581	0.251591191720835	0.191774158244098	0.0697377074011884	0	0.0122321403084345	0.017262020521354	0.0484734082559637	0.0182547816275533	0.143664842029478	0	0.0218362710621282	0.0110939252164422	0.0576383275748573	0.0546518655107541	0	0.0254698130543601	0	0.677962579167119	0.749412978143846
141667255	0.119253509538065	0	0.16204297781268	0.237742372960283	0.0919609557245657	0	0.00858837029142061	0.0164339158895536	0.0349861137083724	0.00704512893175049	0.125894650005031	0.00216320612359272	0.0219515268303096	0.0153580612042843	0.0862887083010382	0.0415923748341061	0.00128047555604381	0.0274176522889026	0	0.662674449310237	0.774658338283977
141667145	0.107851040112617	0.0199527425644035	0.191496403502429	0.210401859459413	0.0877566091346774	0	0.0216308448611972	0	0.0725304509539807	0.0242208366882943	0.121887174875338	0.00377383395564781	0.0137310793132905	0.00712965248644175	0.0679206501686879	0.0257749118074123	0.00262385665535667	0.021318053460813	0	0.692199694757904	0.755446185605234
141667129	0.0932485739218042	0.00150199745545976	0.213466947438233	0.207823949498887	0.0884791253452648	0	0.00657817519755481	0.0112147565630727	0.0596021209325571	0.0116260450204779	0.151707175831109	0.00293493640746216	0.0197646279277418	0.0136303750537162	0.0606065788506731	0.0322538383429052	0	0.0255607762130809	0	0.667562583086566	0.763888295483632
141667209	0.134151962682404	0.0129772794194319	0.205368891368003	0.232052856830945	0.0957393483593743	0	0.00874710070666134	0.000572375280739486	0.0596006581552878	0.00834117199464777	0.124612186014879	0	0.0185721589105586	0.0107670829530548	0.0537182547246641	0.00861425994249977	0.00390024417756362	0.0222641684792857	0	0.692941647556378	0.751100068113833
141667193	0.0792633186070295	0.025651849315385	0.25692432473106	0.213749508153687	0.0956016909339331	0	0.0226658306371675	0.00342851739724255	0.0507882111313016	0.0101589682325425	0.119424577298988	0	0.0170993689199846	0.00883328850252659	0.0499697291851775	0.0189566080597666	0.0030969351270693	0.0243872737671389	0	0.721863077513774	0.719379048764923
141667131	0.07850751321252	0.0533133822218155	0.211290636872055	0.25332473421624	0.0596056123279232	0	0.0262480881083041	0.00169963019504718	0.0505963097405546	0.00459704548117252	0.164304669598461	0	0.0136914811652832	0.00704150272060471	0.0555315398690851	0	0	0.0202478542709339	0	0.705816716723161	0.742311954098734
141667083	0.0657051830378385	0.0602682237664333	0.202682757183597	0.256104782626092	0.0774780487566607	0	0.0358404013809885	0.00531979493911596	0.0584695033430562	0.0070240662650051	0.126550588926217	0	0.0146497249990436	0.00662417833806238	0.0526151102765791	0.00432676258287393	0	0.0263408735784364	0	0.70251409236709	0.747406114901325
139409907	0.133980536216047	0	0.143825011770902	0.230828657105273	0.0874833208000391	0	0.0150808813512429	0	0.0585033823429762	0.0147471019076996	0.0907357138102583	0	0.0199861033058797	0.00645447052474157	0.0855080806115509	0.0801689259636887	0.00812868800601339	0.024569126283688	0	0.696301422446472	0.759417100765634
139409811	0.167892586950846	0	0.168968420964766	0.196590149052353	0.023557021149999	0	0.016124603402961	0.00593688588380771	0.0562740061372188	0.0393470472676917	0.11535995986069	0	0.0239297818128121	0.0115148143589818	0.0829915024009103	0.0622995948997844	0.00209194976374857	0.0271216760934297	0	0.681644822998449	0.762860321452131
139409749	0	0.0421779804383424	0.350619795180623	0.0873789327241014	0.0757917306013729	0	0.0128832539728061	0	0.0445125104521147	0.0168505924644547	0.158947776515303	0.0102031137317682	0.0185860901324811	0.0113859130701362	0.0570915462441874	0.0842428465504463	0.00560708877241074	0.0237208291494522	0	0.722740650801227	0.699855091714355
139409795	0.0880265992136584	0.0178827397837373	0.272576980610477	0.182177533180693	0.071334098457579	0	0.000355523955152527	0	0.0582755228900131	0.0136090447480826	0.124750069219667	0.00128907036878075	0.0209894337427078	0.0131239226815567	0.062686042746322	0.0277477991647808	0.0110345630090126	0.0341410562277803	0	0.690466758346392	0.73842205875547
139409779	0	0.0258913651835871	0.288004841785993	0.18143140226884	0.075298742855261	0	0.0137128678603129	0	0.0461686212360733	0.00372442914760058	0.213989702781828	0	0.011045377362563	0.00967050267259044	0.0486517449748706	0.0546215807959305	0.00630828703665485	0.0214805340378951	0	0.716654543739996	0.715337696851639
139409767	0.187896204775668	0	0.147541575350996	0.216592139254881	0.0963357039115347	0	0.0074555952067661	0.015656295121273	0.0367777366587259	0.00802966891010898	0.0953996124445704	0.00426847645107105	0.0189373659450788	0.0109743671941676	0.0865465468016243	0.0390759138441698	0.00744898032003422	0.0210638178093288	0	0.663973301817441	0.777740919714055
139409799	0	0.036473534718666	0.336833009845817	0.106205936647089	0.0700707776991853	0	0.0113026245204974	0	0.0429437802223001	0.0260913360265238	0.144856484283406	0.00549652298044863	0.0221384111857302	0.0133741559892056	0.0712205083316807	0.0851529265005237	0.000414124464623396	0.0274258665843032	0	0.711251305201886	0.711187992834846
139409847	0	0.0393702848142465	0.330285328491233	0.0420842648666521	0.0399449660647699	0	0.0276545305008313	0	0.0346594160071576	0.0169218604392319	0.145100906552416	0.0211404391759506	0.0243637035033909	0.0130225069606606	0.0747262485437302	0.148916055528442	0.00133527676757321	0.0404742117837147	0	0.700325016831126	0.719792849286456
139409911	0.141039292732992	0.01073642652831	0.166531619695378	0.251393054284695	0.0912848889267756	0	0.019135160630988	0.00900387319216489	0.0596216083552429	0.003999138430433	0.123766498747267	0	0.0174902687573312	0.00803341354745876	0.0693922676345376	0	0.00115548174131874	0.0274170067951069	0	0.666489459284764	0.775107340958342
141667125	0.149553310026059	0.0418056834497808	0.229419873600772	0.214788847462088	0.0815006943221237	0	0.0194196588177495	0.00468182413447354	0.0400056927232847	0.0040101559262912	0.104683337384693	0	0.0165656125506602	0.00957326872336239	0.0488938178061525	0	0.00534211698615044	0.0297561060863595	0	0.721483149395014	0.727042894157512
139409801	0.147174713729941	0.00605916800573222	0.189612275392065	0.204346401682954	0.0804699288982364	0	0.0107650380465094	0.00662118273664246	0.0466383112945224	0.00470061982869083	0.139142763298721	0	0.0193435148888608	0.0105748532186373	0.0666406968859887	0.0383108069147406	0.00334416567878043	0.026255559498978	0	0.700418792422156	0.748501004126191
141667189	0.0971899244033614	0	0.162779285274349	0.248659027853165	0.0744980479223669	0	0.0268208455104381	0	0.0616640473196702	0.0129608411653265	0.116470424634819	0	0.0191026371733151	0.00892187580731073	0.0758720096647208	0.0656376691054404	0.0036262259450838	0.025797138220632	0	0.683930484485519	0.763895405265054
141667157	0.0490747433442969	0.00854873643505338	0.241681532849792	0.1808124879341	0.0631139001558198	0	0.004719439285267	0	0.0528534899514038	0.0167502797907516	0.110954059270912	0.00847149997966599	0.022424210800937	0.0115550848908248	0.0766937952934809	0.120488752535685	0.00660778318507093	0.0252502042969394	0	0.693565907173242	0.73768677926734
141667253	0.187234453458726	0.00118556460899429	0.190369423002659	0.210973655492185	0.0739162229932258	0	0.00279777800098741	0	0.047095710827836	0.0124068635683651	0.111220216706544	0	0.0150868555870757	0.00812957295532183	0.068273730390127	0.0407003739787146	0.00789642413254959	0.0227131542966888	0	0.709198667436186	0.742808006945561
141667237	0.177989120725213	0	0.204053659669765	0.210267920420162	0.10307765590647	0	0.018300846288878	0.00144872785418909	0.0342991530970281	0.00900609591028608	0.0955708306543307	0	0.0136928965903444	0.00766608504314254	0.0660719851505573	0.0277398538111918	0.00790399465194915	0.0229111742264927	0	0.696188889238555	0.748535943215485
141667221	0.162881790669446	0.00737732498899035	0.239087576108973	0.185552091221018	0.0687086590780525	0	0.0134097325617997	0.00567174771331761	0.0552117041149658	0.011459813551133	0.105571326672476	0	0.0157162312213602	0.00937920931216878	0.0634810018459443	0.0287143892919298	0.00615984428693769	0.0216175573614875	0	0.718483281793156	0.724979594162923
139409921	0.0040131707436239	0.0391911854245887	0.280659614598988	0.184476578905275	0.135066080975086	0	0.0108311946309015	0.0122986791515599	0.0335692020045795	0.012789659655857	0.121145083420328	0.011962681443932	0.0176334503806471	0.0082213630773831	0.056138856213113	0.0360524029336535	0.00143706764913815	0.0345137287913451	0	0.690418477544812	0.736908592158063
139409855	0.072590446381716	0	0.244250704203517	0.169467272363248	0.0912698740841813	0	0.00866892822233474	0	0.0486285119498798	0.0202507184906608	0.124306592403921	0.00669916648285647	0.0226369436926371	0.0115479509606824	0.0752734453559143	0.0754131125066208	0.00283132258560191	0.026165010316228	0	0.702106652992414	0.733657041869247
139409839	0.100861233057844	0	0.220107421134396	0.214008492793108	0.0747291213525809	0	0.0182735002118206	0.00967454793477854	0.045443399234591	0.0107521320066095	0.144070587707202	0.00388068027053595	0.0179106545877035	0.0102866794069556	0.0577453632399475	0.0311786719272206	0.00736658749258802	0.0337109276421185	0	0.728991861569931	0.722021261699422
139409887	0.0113737174868524	0.000825641960558009	0.247775154489526	0.186667157697491	0.119711897131461	0	0.0277167052192585	0.0142506090650695	0.0245009849520334	0.0100725415095754	0.126368227831468	0.0183388526356876	0.0236789446866746	0.0112271677785803	0.0630226465738204	0.0739353533050166	0.00102272837540674	0.03951166930152	0	0.701373722827177	0.733164912905311
139409793	0.225431735900636	0	0.146594881695443	0.209499715402558	0.0817580934460551	0	0.00642205757684891	0	0.0513289617701012	0.0129264088025976	0.0514145798228313	0.0222596199555673	0.0235957809370005	0.00936645819353999	0.102083658331341	0.0250263973078043	0.0140699430850905	0.0182217077725852	0	0.658763671675768	0.781738702440293
139409809	0.210921048673841	0	0.154809521666678	0.171441038926542	0.0565776318810945	0	0	0.00341735938236993	0.0458152597638657	0.0280840266903992	0.0700665990442946	0	0.0226415154428069	0.0107751860292009	0.0940805583690262	0.101471565938443	0.00550870595716442	0.0243899822342739	0	0.681601474256076	0.762307356471569
139409823	0.154245363610573	0	0.13986388444253	0.211195502357669	0.0984066263873418	0	0.0118444544709578	0	0.0540569870213787	0.00484471020076217	0.0607936961099605	0.0262814542244704	0.0221792569380774	0.00973175534102433	0.0832610301163731	0.0853839214594671	0.0143134774226436	0.0235978798967721	0	0.678157364450716	0.770516749305617
139409775	0.233009678803433	0	0.132791716269897	0.210842671501365	0.0900628103743921	0	0	0	0.0499290956730188	0.0150542398653066	0.0931652429979235	0.0047541320360137	0.0197429286608524	0.00744175204676946	0.0722394414811682	0.0251558533710485	0.0177908005769101	0.0280196363419017	0	0.672948069082266	0.779431529359431
127687105	0.20475253632911	0	0.130934377265744	0.211345489197293	0.0410298768327708	0	0	0.000822684387592624	0.0645805375095369	0.00734482094787997	0.0997983276832547	0.0111878094048433	0.0146507448190268	0.007643534873904	0.0942914998063003	0.0736700778954969	0.0108481601268729	0.0270995229203737	0	0.646795994220725	0.78965822068567
127687089	0.0534938059147564	0.0432532505815139	0.272299273573604	0.163072894959192	0.0848143704805251	0	0.0155817921520731	0	0.0454388804808497	0.0193218396782986	0.0687679500518826	0.00401181750680716	0.0243094168931094	0.00825887518459583	0.0900893656625527	0.0734956165284029	0.00530365835723014	0.0284871919946065	0	0.693526772940796	0.735193159377703
127686947	0.0130300021231071	0.0436366148822676	0.304904318957301	0.171072124697027	0.138882414559679	0	0.0242338518507785	0.00162271836737452	0.0323034165355067	0.016468949234276	0.106546236187452	0.00140107677003048	0.01719820380488	0.00990967558193548	0.0558787957064456	0.0237209423731221	0.00878676216678936	0.0304038962020272	0	0.731957539750526	0.70120203782841
127686995	0.0866988828343168	0.00733633874030392	0.24957855882039	0.209204873478508	0.126416736170068	0	0.021184126032542	0.0216288063842981	0.0232108348470308	0.0119624521334238	0.11000481197972	0.00212657260761039	0.0187211770857502	0.0112772986870772	0.0445678734741218	0.024001005799999	0.00145540419309444	0.0306242467317448	0	0.725987151954896	0.715767415840601
127687027	0.145139317537007	0	0.141317487641728	0.204680368882186	0.093405960822526	0	0.0051795745884604	0.00413391683852868	0.032834992000044	0.00243233475857501	0.0758676639167719	0.00984151784327464	0.0154017654820126	0.00932511885513941	0.0816683588511311	0.136997426077183	0.0119308548602466	0.0298433410451843	0	0.677430555478615	0.764886854613815
127686991	0.168648782225219	0.000494822611234461	0.164779616700158	0.202762599429308	0.0676224687546976	0	0	0.00547669976245625	0.0462072893317199	0.0158306662899734	0.0795543219608214	0.0144571957707253	0.0189139488802379	0.00737305882366728	0.102909438154133	0.073490868690983	0.0054709335761742	0.0260072890384909	0	0.670657567805727	0.768267360058486
141667093	0	0.0708519077790723	0.363829432217821	0.108265919908556	0.100843624728029	0	0.0292889684112357	0	0.0419594123063056	0.0162959573392353	0.095608228038307	0.00797409674490291	0.015962689078557	0.0059102957894125	0.0464915733996854	0.0566253643037002	0.011119704441375	0.0289728255138059	0	0.712504354400178	0.708128267974672
127687055	0.0737349743470815	0.00539190600416744	0.201747935271413	0.231740721724188	0.0999395361466194	0	0.0265195689405575	0.0222335054761298	0.032344500159031	0.0104164321590259	0.133376372210947	0.00607763943087837	0.0201654106753154	0.0147602823680587	0.0553801255081	0.0326064960538834	0.00182712154682789	0.0317374719777765	0	0.705956555613992	0.740879331635997
127687039	0.099525139281254	0	0.176369228451076	0.230443940031793	0.12171013693181	0	0.010539763941461	0.0211524375704694	0.0231332302250647	0.00817310484801656	0.107590790469966	0.00505910542219222	0.0183983025784336	0.0115049913141773	0.0733567546937735	0.051760194143724	0.00901446319631041	0.0322684169004789	0	0.688496394069044	0.756278437712035
127687071	0.0666765688419636	0.00198145121342703	0.226703885292024	0.208186039701685	0.099532656271711	0	0.0177771144854173	0.0111216237928515	0.0293969565059678	0.00755137853802014	0.13011159753266	0.0127014721360924	0.0192496731142425	0.0120672500136135	0.0501414166033203	0.0670443220391308	0.00556582814225855	0.0341907657756156	0	0.68739115627175	0.747779037398057
127687119	0.140262484069117	0	0.168012636190908	0.255305482831976	0.123861118075371	0	0.0220366010567414	0.00335338961738157	0.0387584411629395	0.0114274963241147	0.0796565910434956	0.0253303087579993	0.0151354665861159	0.00787275984562367	0.0578490065551926	0.0146058086543574	0.00924796035257683	0.0272844488760886	0	0.681603800101852	0.766754824530653
127687103	0.211968981131286	0	0.167200338655251	0.245146976537109	0.0882915453199689	0	0.00243706595169712	0	0.0617153277541592	0.00821739170947126	0.103418765768698	0.013076116219305	0.0101549724323216	0.00682218555727181	0.0507789944568938	0	0.00966888457092071	0.0211024539356462	0	0.677577047954243	0.76956880090271
127687041	0.216786273477731	0	0.157362456228555	0.161655523061008	0.0659852139439969	0	0	0	0.0351703015099724	0.017272582043559	0.0702408086565768	0.0180131493601261	0.0215255067428451	0.0125708249210199	0.115835923840409	0.0646081175056719	0.0120350907408783	0.0309382279676508	0	0.670925690331951	0.769329363669376
127687025	0.323216527901309	0	0.160343128552836	0.167979264263284	0.0300976615657152	0	0.00320829360006941	0.0100518412886481	0.0429318454445126	0.0216587389006367	0.0633441413641391	0.00136298285994553	0.016817312879715	0.0093502140113251	0.0976467965561716	0.0193276109434326	0.0106486338249362	0.0220150060433239	0	0.652679584234567	0.781822424344476
127686957	0.128971413061413	0	0.0991777029087242	0.276872404185604	0.0672540157350283	0	0.00881178808467094	0	0.0549840525301103	0.0155397124965036	0.0716097112649353	0.00608016664965395	0.0222329132229677	0.00573276330469423	0.138833616671475	0.0569791092230659	0.00363490651500732	0.0432857241461469	0	0.641815875280637	0.794228195828279
127687005	0.112533295394324	0.0081553865284403	0.168551137631798	0.253326460039872	0.100100350669575	0	0.0224047103923977	0.0404597878089178	0.0292530479064905	0.00937784321657261	0.107648081670515	0	0.0217965870535872	0.00989912776996552	0.0700171555323378	0.0154530697454364	0	0.0310239586397703	0	0.701584204212023	0.748977385592581
127687085	0.0771775285761238	0.0103132832309654	0.203156637567966	0.228841940785827	0.105519668928435	0	0.0100261051312848	0.0227669194173046	0.0407409097818758	0.0069140161458542	0.132327033943402	0.00268990889243859	0.0199945450362932	0.0115907345755593	0.0595086999638915	0.0386532544203034	0.000155565318619175	0.029623248283856	0	0.702595063304997	0.742146321326213
127687037	0.00541382613279451	0.0337099429320822	0.175987214473094	0.284235100843236	0.13138570705553	0	0.027983025521106	0.0197459809873251	0.0279433975039511	0.00663874016097894	0.122250889441782	0.00445006344772471	0.016816966584562	0.011036360128071	0.0449846050084332	0.0430543451444892	0.00801754797017366	0.0363462866646663	0	0.695274348460233	0.754974258052674
127687021	0.0479731035127405	0.0195970117793006	0.205944170665401	0.256117074603826	0.12971203560267	0	0.0280630961917403	0.020822571805943	0.0205273470908588	0.00778634483971215	0.113123350395053	0.00502035868122729	0.0169279764155616	0.0105243302379589	0.0352011416040927	0.0473150888090297	0.00358182391362107	0.0317631738512641	0	0.704843811374518	0.741201403960127
127687097	0.123314109060741	0.00713090121039566	0.238477234083189	0.158964475181772	0.0511667086560496	0	0	0	0.0596554648586413	0.029853406509599	0.0732970009404207	0.00100529381701257	0.0196604181275344	0.0102217763426713	0.0973281089613322	0.0871098357101776	0.0165957380383336	0.0262195285021298	0	0.686229575265577	0.744655192908776
141667077	0.171002669209023	0	0.17895873849358	0.188648747048114	0.0553298925325478	0	0.00440252692947192	0.0129340960084146	0.0509511976897897	0.0252485320486658	0.0724800721321029	0	0.0222788271756458	0.00816250062374785	0.0871604120036485	0.0803510555505291	0.015114770289168	0.0269759622655499	0	0.697112264688305	0.749086195002393
127686955	0.101715578108731	0	0.121815270101791	0.240018561289772	0.101857777298933	0	0.01939063800673	0.0201677516533066	0.0272953989537708	0.00615778065140654	0.0753440429580211	0.0214904409628307	0.0247949346407691	0.0105016794706861	0.0755954595396585	0.105382518400697	0.0120269118936965	0.0364452560691992	0	0.662738707663774	0.779485131381198
127687113	0.155572087070121	0	0.166785148838522	0.211795677736381	0.0758647490344564	0	0.00252130147254799	0.0120944349980485	0.0424749296249386	0.00839855368692282	0.0893387623432222	0.00144777654240362	0.0222736258494446	0.0112538638101127	0.0754388733682582	0.0840938619621873	0.00946614180888685	0.0311802118535471	0	0.658538923293487	0.775593422232804
127687067	0.143975224197266	0	0.152670240324759	0.22558628507946	0.0930382522000267	0	0.00470427399084756	0.0198667187059993	0.02888276753454	0.00643959167781861	0.0734970696477032	0.00949651951924377	0.0238167135452951	0.0110166191371775	0.100889987696914	0.0658123970023251	0.0104989508186458	0.029808388921979	0	0.675483907790007	0.766604513510924
127687051	0.189560000324068	0	0.145310136588621	0.238753402218264	0.0652813780348001	0	0.00752890673697768	0.0116461262248547	0.0516383440610169	0.021896721318499	0.0992168519050061	0	0.0211568501555481	0.00890458761436221	0.102134763559269	0.00908597274304432	0.00830426052462088	0.0195816979910492	0	0.652231398932107	0.784728736589686
127686937	0.0838897669978606	0.00516444177955251	0.18878937066809	0.249853693588604	0.121560986310755	0	0.0117721178034941	0.00638931233877427	0.037440564653968	0.00493292872753797	0.103190419946178	0.0135126512032905	0.0186726648870152	0.0100816883646143	0.0585600759564703	0.043152343088564	0.0104792158689809	0.0325577578162509	0	0.672865448825177	0.765926952063027
127686969	0.143918957186751	0	0.153887085164121	0.271772431104079	0.0982677776670785	0	0.00619155323324478	0.0190090472051809	0.0394607698374554	0.00620859203092363	0.0949304574907793	0.00895895917080332	0.016476626240593	0.00872623036876293	0.0731153180125807	0.0167464238731978	0.0135817208034196	0.0287480506110287	0	0.652779524678208	0.783543046450696
127687049	0.121039010149999	0	0.151391259440073	0.261152057561728	0.106325805153507	0	0.00737902871490428	0.0132491538355915	0.0370741235592488	0.00677204066719394	0.111752597865751	0.00322147429272762	0.018888986043342	0.00956307550301851	0.0766165719805822	0.0438465412451668	0.00541835925395805	0.0263099147332082	0	0.666156147578517	0.775864906801956
127687117	0.177841133824544	0	0.153770950838526	0.211251828125029	0.0709259951219795	0	0.00221420166442421	0.00612536879488454	0.0403408049711786	0.0134439376078598	0.0901659924223358	0.0131676251313076	0.0190882439583539	0.0111302842164427	0.0906657688895663	0.0590153164332047	0.00939398555060018	0.0314585624497629	0	0.672062835728538	0.771182907847861
127687101	0.237117148508211	0	0.133224601129187	0.200623357984595	0.0700120145851163	0	4.95897384781748e-05	0.0124988645758955	0.0372757158289645	0.0161357079686401	0.0874676162698855	0.0183001777156975	0.0138723197890327	0.00953674660739943	0.100836494075771	0.0302923798637821	0.00554378545087321	0.0272134799084717	0	0.668888812537084	0.777284211273182
147712586	0	0.0442834549151551	0.210282089630617	0.178022780305874	0.0794071465184189	0	0.0470810157559466	0	0.0505142023137445	0.00821143985603717	0.164425046688116	0.00811850387907441	0.0215052559805223	0.0126828541110851	0.0559786835921365	0.088961463094031	0	0.0305260633592416	0	0.702721277932822	0.742869194785396
149052854	0.187220977836459	0.00223425555868391	0.129444474160482	0.216710932204788	0.100629263945757	0	0.00821479842099833	0	0.0494603329394554	0.0178034645230457	0.0809936882044632	0.00949747685878923	0.0179829361698624	0.00733006886889349	0.0896328670836031	0.0505911183982764	0.00490797044812058	0.0273453743783222	0	0.709658382862678	0.757197853030242
149052758	0.0583487151602707	0.0368102281718661	0.151392119463581	0.257732590541877	0.0425517219248262	0	0.0297573731646303	0.0080272893826892	0.0653763722881218	0.0132766379912784	0.205004562817248	0	0.0214433615923383	0.0080790464322935	0.0770749791388666	0	0	0.0251250019301136	0	0.686643482922893	0.766357557709507
141667121	0	0.0343178390528891	0.194794948908013	0.176809813804693	0.0945582826625704	0	0.0405768783580361	0.0089087662632478	0.0279471176549924	0.00592088972992305	0.175719399585513	0.00689994500696157	0.0215044629186995	0.00997323536647323	0.0553782446690435	0.11876577910836	0	0.0279243969105846	0	0.717957008514261	0.732796912685481
141667245	0.0754985973942893	0.0189521897906463	0.182771792041048	0.247145242898592	0.0838354270985728	0	0.0283081392867339	0.0277118318727649	0.0370904618344838	0.00660468380348562	0.171408662686578	0	0.0176219860017953	0.0100040794127812	0.0368470309215395	0.0319754851847847	0	0.0242243897719052	0	0.726576594786864	0.732800110838529
141667119	0.100314486177602	0.00928051974902999	0.152377139058505	0.229401905057717	0.100062707354097	0	0.0178190149546419	0.0311415547140528	0.0344376256066652	0.00595669957882655	0.141294885683244	0	0.0213213245067605	0.0106135888735582	0.0777471573472846	0.0357398741484201	0.00228439320714962	0.0302071239824453	0	0.704305177905583	0.751960889292576
141667261	0.0830756120640258	0.0258607151523533	0.165481352165499	0.222926692531078	0.0924845085809983	0	0.0213825041620193	0.021799616855054	0.0384964085418417	0.00954473790794022	0.152425567244124	0.00417598902050687	0.0211582622965011	0.0093869420316942	0.0647485610653607	0.0349824825580367	0.0030210629558138	0.029048984867154	0	0.708697451185129	0.749100434453056
141667151	0.0666742521170952	0.00907988333195317	0.173566015256275	0.204555627265023	0.054082280271265	0	0.0306178697542092	0.0166727312564462	0.0524760534820641	0.0133310263640229	0.155343648560725	0.0102673884991783	0.0239579275610581	0.00921606526024975	0.0768823096394222	0.0726518051147916	0	0.0306251162662217	0	0.685884718365982	0.758770460370703
141667247	0.0200854460138129	0.0490637063845785	0.221514759879395	0.238465421878093	0.123309839700166	0	0.0213893905980098	0.0238346722252581	0.027269670199759	0.0111081328434479	0.155184625050387	0	0.0161122127519542	0.00825932542289022	0.0477732627892469	0.00679186996445048	0.00470313197720998	0.0251345323213409	0	0.718628685092647	0.729146732181048
141667211	0.0583527653162221	0.0308514954265139	0.245453735165225	0.206599504704904	0.0899235143576681	0	0.0208821216217371	0.0158435225226341	0.0394835723546405	0.00755122876722779	0.145353255093739	0.00121355101958682	0.0161746712325819	0.00947120317688042	0.0498779355184918	0.0316388091816108	0.00247440951076173	0.0288547050295757	0	0.712927165266048	0.727436875719207
141667113	0.0607821619846637	0.0190596265401085	0.205369397770146	0.235418071430352	0.12181886936952	0	0.0162373272579163	0.0136658411012112	0.0319254555166198	0.00313643838039046	0.158741060783349	0	0.0167165583911185	0.0101260865415079	0.0443625173226108	0.0372722168813857	0	0.0253683707291003	0	0.737894144889383	0.719985498252069
141667241	0.160132747671737	0	0.130423751691388	0.223343236605319	0.0978377203056806	0	0.0111538080687063	0	0.0609614771716159	0.0139385840355733	0.122155967409087	0.000124260498328516	0.0187599664555103	0.00687461761806941	0.0734168241521567	0.0596348190987454	0	0.0212422192180831	0	0.714726432806103	0.75473306154272
139409751	0.0505431693228317	0.011969045268965	0.168875780255244	0.230583611403887	0.137493950749196	0	0.0241216487104121	0.0196225934625857	0.0341924622738163	0.00630879664287464	0.150304458445927	0	0.0194928870630404	0.00981465780540373	0.0568062372769669	0.0539584307276451	0.000169697241894387	0.0257425733493105	0	0.735675101213823	0.730600835751497
139409925	0.241881239076213	0	0.143069681472086	0.233620218160864	0.0803223198540212	0	0.008646851773571	0.0107486560332852	0.0517616385764916	0.00849034183366872	0.0993773003965672	0.010455790362991	0.0152328263786722	0.00784917657475781	0.0649241945822627	0	0	0.0236197649245486	0	0.711468663027569	0.754267362654241
139409831	0.0773429823111199	0.0277718101083992	0.184053863411469	0.227266228005788	0.102956837661985	0	0.0355057271037082	0.016744902550709	0.0485729016033962	0.00615742855727061	0.163744275241987	0	0.0138627721626301	0.0128732265164404	0.0448512877624176	0.0122478643082774	0	0.0260478926944026	0	0.737364985884451	0.728329650644338
139409815	0.108946056400686	0.00686529223548988	0.148997556982679	0.246559770442591	0.140478674491942	0	0.023535923424882	0.00938700319145435	0.0426805175169816	0.00898810531300174	0.104673893646095	0.0189830995952337	0.0157694118239824	0.007751642787178	0.0757481036950645	0.0153766782206362	0.00236282997658508	0.022895440255518	0	0.711283515622157	0.753121171561703
139409879	0	0.0744421459466485	0.289932926112768	0.158388423099975	0.0833115209363883	0	0.0185544701669294	0	0.0585349882482517	0.0101936519264852	0.166790648786565	0	0.0176109223762221	0.00996591985252304	0.0525876111617603	0.0392818383697028	0	0.0204049330157805	0	0.755254938135878	0.686757195423153
139409863	0	0.0775938490225513	0.346877950909116	0.101678092518832	0.0556397262606184	0	0.0407290253464064	0	0.0501638223028524	0.0118993748041792	0.190725641621504	0	0.0162596416324853	0.00779151929178687	0.0394023191524167	0.033537726046846	0.00360807930989698	0.024093231780508	0	0.759600608916804	0.670249516084936
139409785	0.077984975889587	0.00305323875557961	0.191001878454668	0.250191883104149	0.1127318258445	0	0.0162641965480975	0.00847968234220277	0.032874573079289	0.0104193119546274	0.138597778362347	0.00132112401199856	0.0152540860687788	0.0101138581552544	0.0695311989904188	0.018032790743229	0.00947794268412125	0.0346696550111507	0	0.731282767011059	0.72807864937734
139409747	0.172246333067742	0.00141910698835322	0.136154264474428	0.206941838660941	0.0878517173146722	0	0.00312261670570138	0	0.0578230559931043	0.0119401183538648	0.0809238536511616	0.0137554108742288	0.023879960115696	0.019716333891625	0.0886113879107688	0.0558984260013383	0.00570544921657978	0.0340101267797946	0	0.694346066744231	0.762555839973616
139409857	0.186031611510861	0	0.139249218022682	0.245263869032552	0.106754175345069	0	0.0122207334591776	0.0113465069286161	0.0407782759635563	0.0106460739832309	0.0893134862823391	0.0125733225949055	0.0151709408738248	0.00795641580501283	0.0815725084216124	0.00870527218511186	0.00482655371062928	0.0275910358808189	0	0.710320041895212	0.754792483654372
127686941	0.0955230265884509	0.00219182531622638	0.152173968225585	0.232654870803737	0.132848961697983	0	0.0236441760832574	0.0248840716491652	0.0205384922382007	0.0100726655447165	0.0932741051285335	0.0165581647776283	0.0170594236006483	0.0107413306149269	0.0628928718098673	0.0698229325502216	0.0047532862489502	0.0303658271219013	0	0.719773135677874	0.742682202080058
127686989	0.119332692608881	0.0140788044708583	0.153229344620313	0.250355987513431	0.13786117311133	0	0.0207151588442377	0.0177450894099066	0.0310374499645734	0.0112871661103113	0.10876964481743	0.00495747943988103	0.0146277449573645	0.010700379353544	0.0607276933330415	0.00347048864887861	0.00754630975397289	0.0335573930420443	0	0.724705534668251	0.743951939375825
127687003	0.149101571012273	0	0.100404498570554	0.242522206126635	0.104311838171401	0	0.00827251465230472	0	0.044717388512224	0.00348313523769193	0.0632741729253505	0.0208445082967285	0.0177668205183623	0.00644238995988804	0.0893676755173404	0.107400892267351	0.0148705047646713	0.0272198834672245	0	0.673156013873675	0.778693759515807
127687083	0.128896579604549	0	0.112357211412051	0.243932534841265	0.100385046532541	0	0.0157503182924032	0.0199489448597607	0.0322833796420176	0.00487414429488563	0.0899846398998621	0.00815744640047653	0.0185858160179965	0.00999223588567985	0.084792500265958	0.0900799922973505	0.01074941375708	0.0292297959961224	0	0.685607487467558	0.769278182661995
127687019	0.0959120841540498	0.00138374548356756	0.136449134412129	0.233223445810142	0.0891512318143747	0	0.0151666585697485	0.00764056840703664	0.0422331199312582	0.0115823227468698	0.10166160630008	0.00822303350873143	0.0213596967174438	0.0114454183858088	0.0875049055038213	0.0959124674184135	0.0083946402838021	0.0327559205527224	0	0.713102968337638	0.748105038781046
149052790	0.0960788482764319	0.0245191997349738	0.164969705258794	0.272961259160381	0.069690855061103	0	0.0326174641801453	0.0240093889700535	0.0447295547096214	0.00803231072505146	0.164820132740945	0	0.0182195833630994	0.0120222884209003	0.0425886478889258	0	0	0.0247407615095738	0	0.706453641038803	0.751086126676192
149052774	0.0799633481508341	0.0122919730788534	0.141376075273573	0.283994722673051	0.0458592454149662	0	0.0280327748804314	0.003779635356774	0.0651455253986516	0.0148159383469168	0.194299327023021	0	0.0213110219638999	0.00806128591956635	0.074561748998222	0.00423322209091214	0.00136396698984679	0.0209101884404797	0	0.647443974122252	0.790393427701479
149052742	0.06346680437433	0.00382222557465486	0.1838324140062	0.263977038750164	0.0372740633194517	0	0.0262067800320032	0.0221275834035364	0.0482821643848804	0.0117178553356546	0.159695744772361	0	0.0237269020920808	0.0104591983574473	0.0614746721412374	0.0572256073906677	0	0.02671094606533	0	0.660312736658997	0.772252946043238
149052838	0.0446194480570213	0	0.163333923239666	0.282783306098931	0.0709522163174032	0	0.0307915382435981	0.00378629162082822	0.0610797752505527	0.0133086505712252	0.19945114851723	0	0.0238126107034324	0.0107125180389046	0.0659581104590995	0.00627090339743651	0	0.0231395594846715	0	0.653268822670446	0.782637321681208
149052822	0.0648678298996942	0	0.168149044400138	0.278761529684014	0.0372135002659789	0	0.0382792481329931	0.00356302345788465	0.0529270334207141	0.0144630830784964	0.197319652892541	0.00114373963211368	0.0258598670321005	0.00982697819923724	0.067791467624521	0.0162992396522125	0.00134914173955925	0.022185620887801	0	0.643613540828151	0.787442526336036
149052806	0.044557667362842	0	0.196797393078281	0.256782830765928	0.0957997104756436	0	0.035247502115894	0.0155455451838177	0.0335494632665658	0.0105579090333708	0.165226513436358	0	0.0213628219055682	0.00927538134135113	0.054158092963847	0.0349134662986516	0	0.026225702771881	0	0.680731441224854	0.758830115462073
149052694	0	0.0246823159011962	0.215157321752282	0.232315082192255	0.0891556502205559	0	0.0377803110086669	9.08718788187168e-05	0.055225331162411	0.0076393775454434	0.192642279598054	0	0.0152547923225961	0.00880841999994119	0.0444561449093719	0.0541299466106493	0	0.0226621548977588	0	0.703162384918502	0.741950064850009
141667135	0.137207774517975	0	0.143961073905875	0.248002400693673	0.0971470650429472	0	0.0221624673871471	0.0360586564420722	0.0223247385327406	0.0101953631420242	0.126923411968959	0.00597189813522876	0.0211779408009913	0.0100943479997445	0.0654084148104964	0.0253079631753235	0.00548203454838345	0.0225744488964194	0	0.677184008272451	0.770276224483146
141667181	0.0843247250527393	0.00293349424142274	0.147749759127457	0.281180840728209	0.0938555434138952	0	0.030778866042183	0.0250622148999307	0.0380236536310571	0.00761277149233801	0.160950715715175	0	0.0179316207357318	0.0115858480106789	0.0409974356051781	0.0318403654002793	0	0.0251721459037236	0	0.702383045677944	0.756535415926716
147712584	0.0614386468242541	0	0.161466367903885	0.255456817441674	0.138719485380666	0	0.0348754109279583	0.035859063557686	0.0250383114101445	0.0100867170503732	0.113036778991514	0.00471050446759529	0.0157426260725962	0.00865799144252155	0.0513435339053837	0.052720260977085	0.00240971444791693	0.028437769198747	0	0.655762982526476	0.7792704360773
156434441	0.157324708116428	0	0.144289620867865	0.239412836534237	0.0832249340310915	0	0.0148649015563469	0.0231856708937224	0.0445254655885542	0.00881133067076561	0.122981043187294	0.00174716128807294	0.0194484419861306	0.0115013203669393	0.083894365530883	0.0152361035750502	0.0033641030025201	0.0261879928040987	0	0.689978598700272	0.763194981964313
141667175	0	0.0273043964303596	0.260913947480611	0.140707489438802	0.0742283225085047	0	0.0194034836873029	0.00262393585874339	0.0420487182082674	0.00428808242120068	0.193668903436011	0.0146540296576814	0.0188974529333137	0.0125534093366387	0.0507973335069084	0.108901747745854	0.0026427748546591	0.0263659724951408	0	0.692532887598395	0.737055369491781
139409859	0.167404264991001	0	0.134002261964047	0.199118132090952	0.0643663081554225	0	0.0136092325689413	0.00330084628755796	0.0572567037869029	0.00965472867246575	0.0754846557822969	0.00706109062749315	0.0213287207362002	0.0146481856902745	0.102135079729433	0.0905268871183589	0.0108732171474442	0.029229684651209	0	0.674449490851752	0.771189692699894
139409797	0.0617501984313301	0.00150807714414693	0.198775294755487	0.171778706490172	0.122464253464427	0	0.000981024692749169	0	0.0588762616607751	0.0157335507207003	0.133845686520626	0.00999988911000899	0.0218915589927002	0.0126182194607114	0.0793124139845202	0.079739938156109	0.00549731998000323	0.0252276064355331	0	0.710500446228133	0.737509097603253
139409765	0.0442699926113519	0	0.189183498579458	0.187869252887148	0.124272168166994	0	0.00941353985806847	0	0.0475795168866344	0.00781583941031655	0.137964629809561	0.0116907592654818	0.020984372974659	0.0123766427882661	0.0709366817410235	0.095596961557571	0.0107133270109195	0.0293328164525466	0	0.711370645395842	0.738591789039036
139409895	0.0213409770214554	0	0.217600133790371	0.215749917070544	0.113974180603814	0	0.00442470396222113	0	0.0326930385177683	0.0045989452113661	0.184725791477572	0.00509214546676155	0.0139757152375201	0.00944016274662024	0.059824028463554	0.0788725449354484	0.0129345377342894	0.0247531777606938	0	0.723330154688018	0.724424333817459
139409927	0.0734329035154526	0.00672639192910523	0.185138739083214	0.210167290802452	0.0559115850023308	0	0.0366668298901027	0.00554383312427872	0.0599673194003023	0.0205296518287258	0.164336044395047	0.00903777460533799	0.0213721447446755	0.0119618806433315	0.0600278433442391	0.0518944222729459	0	0.0272853454184588	0	0.70185193542457	0.749217410215925
141667173	0.264656519834431	0	0.152266812173046	0.175356879677305	0.0629358423881963	0	0.0172331181348975	0	0.0469405456017946	0.0057797744674301	0.116888476292468	0	0.0168512665492399	0.0107418295757656	0.0537979639545808	0.0524429695958564	0.00336297266798831	0.0207450290870005	0	0.703724080892307	0.757187207207823
139409761	0.104369650060023	0	0.167608996618699	0.251509353351478	0.108436703081763	0	0.0240615563448339	0	0.043782971350365	0.00554600350217578	0.149905648922853	0.00188948344825145	0.0192767685541667	0.0108201306980748	0.0502843044333642	0.0263161605359152	0.00308293057143078	0.0331093385266069	0	0.707704573870374	0.751385494470468
127687073	0.073425594249562	0.000921470618456828	0.195232289219991	0.233640986528719	0.120714879626446	0	0.0106371447022202	0.00805499397675746	0.0358939480659795	0.0110598234980117	0.138559331607701	0.0109007931688637	0.0136929373973227	0.012439733388927	0.0567082946929675	0.040705031679694	0.00953416817140098	0.0278785794069789	0	0.713010710891204	0.738841180799538
127687043	0.160940317501856	0	0.0914195894471032	0.226396989780188	0.0781519443507457	0	0	0	0.0604922573539607	0.0343208309184716	0.071894081689629	0.0151189832685101	0.0157417367487332	0.0102299772423233	0.181312095991714	0.00583032005238277	0.0135922479360106	0.0345586277183719	0	0.65474935581378	0.784690346630708
156434425	0.276789671157472	0	0.146523506246375	0.198627125892621	0.0844435727466915	0	0.00878002116295299	0.00994902468282777	0.0409995824681365	0.0118549967112299	0.0707480289761355	0.00357435444206421	0.0132928284864808	0.0102729234393004	0.0611954179590194	0.0273380293089268	0.0117978975051028	0.0238130188146638	0	0.673375365366538	0.775305586176546
149052678	0.169501859282062	0	0.144502283361419	0.202329502969744	0.0557059032206191	0	0.012214589059333	0	0.0575197854966579	0.0330508297189305	0.0868914217262261	0	0.014506654329471	0.0109441203995216	0.0982182108570096	0.0775540728780018	0.0115856122297292	0.0254751544712753	0	0.679228795339802	0.768226609118432
127686939	0.102916021142552	0.0197081190811525	0.155347928020068	0.26895373267781	0.10636999585219	0	0.027204620638866	0.0146120899027556	0.0361751383566364	0.00293923164957434	0.137978373402984	0	0.0168682836658041	0.00948969954735868	0.0507553482342845	0.0150684340684943	0.0101547195933708	0.0254582641660977	0	0.719490980494562	0.747328498954328
139409741	0.144094005013431	0	0.108469308218716	0.254272235678889	0.105240004139101	0	0	0	0.0405393483557358	0.00647530304086267	0.065113325037827	0.0163763247728361	0.0135596563401442	0.00970986491820915	0.0878328306381735	0.120726933754615	0.00875740363036797	0.0188334564610925	0	0.675558280420282	0.77353454731528
127686987	0.231979772949949	0	0.105091791751242	0.246092510988432	0.0663595090913585	0	0.00703411117988766	0.00210262526823648	0.0570043165979904	0.0219433050957296	0.0628903526034587	0.00607483629917221	0.018076321703136	0.00854578714914659	0.121572086404245	0.00808050483540081	0.0139778376799471	0.0231743304026685	0	0.658816425569651	0.788247141038073
156434409	0.145896238156639	0	0.120018495186011	0.23756696746182	0.0862206075161422	0	0.0162449850424792	0.0176231787057343	0.0325245099759207	0.00513551076555002	0.0976660093422255	0.00858381053305316	0.0186332188978557	0.00984406857337775	0.0875124979182391	0.0830049760398994	0.00690978041444992	0.0266151454706026	0	0.67643146114412	0.773548681481925
127686985	0.182274153898486	0	0.155378087534389	0.254584111404558	0.0746903925688752	0	0.0154317531209267	0.0448479777291399	0.0281702892532142	0.00437275158506276	0.108187001892598	0.00224036998669076	0.0167019510526423	0.00874372816336737	0.0618483980020557	0.0100539808052826	0.01300092302752	0.0194741299751913	0	0.662555191190828	0.775454656813445
127687033	0.172487577417079	0	0.141172803425656	0.251606570345033	0.0707971015024685	0	0.0153896162439092	0.0229435039868143	0.0462557600004125	0.00666415823617479	0.113523764088193	0	0.0174679607238162	0.0115652058370778	0.073987501991567	0.021149745933873	0.00971485912597165	0.025273871141954	0	0.688791942242188	0.76518373856794
127686943	0.18746237280185	0	0.148281796017818	0.237057786179735	0.122681460173274	0	0.00468373298771586	0	0.0406345442239082	0.0125337145221795	0.0937975028895897	0.0108111403366326	0.0111056770431593	0.009282071884063	0.0631911057262176	0.0093515211383539	0.0202122063631689	0.0289133677123353	0	0.68771831118498	0.768241840487752
141667105	0	0.0486119102972322	0.244643476829688	0.223964606758073	0.122567160936755	0	0.0375020105356565	0.0173698571587847	0.0284493628116502	0.00861052984398232	0.155316337765957	0	0.015590065369956	0.00636345532400764	0.0350007217984869	0.0296288172915733	0.00256777226159305	0.0238139150166032	0	0.72159458514004	0.722478077260476
141667217	0	0.0562041277414532	0.302042712372213	0.179649854740752	0.0456062255500655	0	0.0374523944815769	0	0.0620598506844967	0.0137295651086763	0.205895993665877	0	0.0146316263151142	0.00719591747369376	0.0533093876200274	0	0	0.0222223442460528	0	0.740931602260808	0.69497666556774
141667087	0.015919187289988	0.0175331849176085	0.285428388669135	0.178952973778341	0.0664100208342728	0	0.0158526718434986	0.0176263920793505	0.0371514769890098	0.0113556302962303	0.168721899816473	0.00274337397866329	0.0230983167327019	0.011593634068001	0.053168117556411	0.0614612490205561	0.00294900144168046	0.0300344806880782	0	0.714636246789555	0.716228393067094
141667167	0.00038813317432204	0.034467467621368	0.221468820881058	0.227175044873473	0.0301326598735023	0	0.0367956426787739	0.00160184445793916	0.0631985047004354	0.012523439801608	0.22013337594564	0.00136959754318151	0.0223904058023423	0.0098956015713329	0.0699424554647361	0.0192292414207979	0	0.0292877641894898	0	0.682452230845952	0.753785762204585
141667231	0.00865264229140446	0.0417570835364624	0.334279866901224	0.138761996861664	0.0491393498627366	0	0.0186720463820581	0.00649589437963459	0.0495152367101082	0.0204677044840413	0.164783210961274	0	0.0218774846052862	0.00970297967858405	0.0570459083123606	0.0530498586540068	0	0.0257987363791552	0	0.736731488092777	0.6904970653908
141667215	0	0.0192804362765383	0.217019230194963	0.207529659932116	0.0845389670642169	0	0.0289129025584425	0.0175983469681263	0.0281405478359687	0.00241739333546294	0.166033659234169	0.0104958560356245	0.0218577974604323	0.00964029954907012	0.056678063553029	0.102701827817637	0	0.0271550121842031	0	0.702825761093047	0.737125879350899
141667163	0.0918001298816178	0.0225359680870802	0.223763207863316	0.221840090434747	0.0865464959371074	0	0.0133878785263953	0.00939956695649554	0.0477181163929021	0.0119174529293599	0.136892658124118	0	0.0146381216384722	0.00880563581004181	0.0624757240819743	0.0179156718788527	0.00395352526619892	0.0264097561913213	0	0.69248857779022	0.74644678593057
141667101	0.026194216393888	0.0343019344024665	0.158085619948225	0.264321013605998	0.0517949831798598	0	0.0461744046582691	0	0.0631258621792735	0.0122185893366711	0.188724062950711	0.00380679068486329	0.0194812174181747	0.0111240304040857	0.0552201369980243	0.0376418977703718	0	0.0277852400691193	0	0.664008429220731	0.779631634715451
141667085	0.118730701873563	0.0330354201357942	0.19465627557404	0.21131133923976	0.0239970081658777	0	0.0262695447961811	0.0055269554464132	0.0628443112577726	0.025485390117749	0.168548216666023	0	0.0218225347759635	0.00909327601852676	0.0566762673675959	0.0159218108620158	0	0.0260809477027238	0	0.704661453045407	0.746792408489048
141667259	0	0.0370971976274168	0.186292852152473	0.247926974132896	0.042593709280409	0	0.0448929459954456	0	0.061351529212309	0.010164510292367	0.186139849315559	0	0.0218860132967601	0.00956417183152268	0.0775945670928905	0.048485997142116	0	0.0260096826278352	0	0.665564322763193	0.771353658582079
141667243	0.0745268459944082	0.00327401523838118	0.227145174221016	0.203314981488161	0.0436887181497281	0	0.0112133771170026	0.00444590712924559	0.0560231760789267	0.026684595369733	0.141832652746171	0.0017754656589236	0.0233035271263402	0.010536477935775	0.0709503633285603	0.070238074177437	0.0022260244782255	0.0288206237619647	0	0.672582639733488	0.757311733213116
141667149	0	0.00996815674136408	0.325028568347966	0.190392683875661	0.0821956097624395	0	0.00431522873405356	0.0286548182968121	0.0241827280835334	0.00749220571595436	0.153287060507195	0.00174875892181042	0.0205332417316627	0.0140373522683683	0.051579834282098	0.0588095187361228	0.00223799633465225	0.0255362376603068	0	0.696267659409123	0.723678810878114
141667165	0.0890493118078116	0.00893139329704228	0.207134690095674	0.219529208300868	0.0519327004876864	0	0.0198783551628292	0.0235724081919188	0.0342113095367493	0.00577718436787497	0.146514663775088	0.00261582480171319	0.0225169713772957	0.0114897904483545	0.0614555633649289	0.0646726525217342	0.000991529144347945	0.0297264433180831	0	0.710554823386699	0.734851106018321
141667239	0.060688634922472	0.0162545211952188	0.209478032143028	0.209738167160814	0.0786257137725468	0	0.0160137188819825	0.00615591865909214	0.0499008219694117	0.0114538448200544	0.127651796844456	0.00125267862600704	0.0181700668924554	0.0116486869071921	0.0827090960445721	0.0726240113368585	0	0.0276342898238385	0	0.705067081125747	0.738548499191935
141667223	0.0531686303476678	0.0241072912521063	0.259142873853294	0.204890508322297	0.0854217558543625	0	0.0178264485597397	0.00996521472790405	0.050294747235192	0.00529875552630056	0.148964396660231	0.000667478873528386	0.0152884034995397	0.00933264129923195	0.0728045150604433	0.0117572915980014	0.00248281905215263	0.0285862282780079	0	0.690560968168777	0.740259733393453
141667097	0.0593954103462885	0.023088909185465	0.248241416269301	0.172983532036215	0.0695028521532102	0	0.00582472081352064	0	0.0562001502761541	0.025928718954402	0.160798084288639	0.0011697130879002	0.0207954423200485	0.00882903258648907	0.0654601174161256	0.0496557832264034	0.00326626085109903	0.0288598561887388	0	0.706760172647984	0.731385425136817
141667081	0.0516470419255874	0.041908841272551	0.255826408158813	0.19409273700312	0.0833478345927976	0	0.0280659654737205	0	0.0447920344251085	0.00748898040895119	0.168942743575279	0	0.0158918824667357	0.00763233621080286	0.0500489327948523	0.0249882873055418	0.00229821761416996	0.0230277567719694	0	0.71745304568041	0.723742685837134
141667161	0.0492459882162648	0.0178494781213751	0.177320715511539	0.232429135551637	0.142180830211962	0	0.0259294266693259	0.0124737866371059	0.0398820064045033	0.00888987712653336	0.0832917956230324	0.0230659673934877	0.0195896390299779	0.00881877087266084	0.0640063045778958	0.0683110017820264	0	0.0267152762706733	0	0.690462910354758	0.756732091886076
141667225	0.131810990900924	0	0.186754880787849	0.174066939170064	0.0737320612819017	0	0	0	0.0420295095618513	0.0083823981806585	0.110847865263058	0.00954765515598743	0.0199423244063655	0.0140730378263365	0.0673241970214331	0.132004548347729	0.00885803377059699	0.0206255583252458	0	0.6961704894967	0.745514274502352
141667115	0.0931034127222093	0.0197883486537455	0.224215237094829	0.180760598621622	0.0547384986106997	0	0.0257464200235567	0.00512421712184784	0.0477705439961772	0.0210068165386712	0.122428833764531	0	0.0244611773046883	0.0123540024554028	0.0747925353720107	0.0682054042520877	0	0.0255039534679219	0	0.73223152988218	0.717821523126679
141667099	0.103864638244913	0.00744135991273945	0.217906030282892	0.176296959884446	0.0769544173466654	0	0.0185381478113321	0.0154708792352953	0.0414879761182799	0.00874175423086619	0.125264178511573	4.70587002196171e-06	0.0232264562179406	0.0104764211397355	0.0628751507286605	0.0853162659614729	0	0.026134658503167	0	0.711999771741849	0.731572213254803
141667257	0.160128076543945	0	0.179602577967644	0.200737516709241	0.0895185351899356	0	0.0191916618021952	0.0086667422416917	0.0366112058095145	0.00590305303376411	0.111561904866754	0.00666149729580055	0.0200067557869573	0.0105635401352207	0.0702702305142505	0.0465721747814696	0.00460077462220195	0.0294037526994149	0	0.70869270537827	0.745358249650388
141667147	0.187491968747435	0.00256592895475567	0.201718105453205	0.19099972124186	0.0541850808921546	0	0.00796580230662092	0.0152428949868874	0.0465071967086976	0.0152095880575331	0.10199307675435	0.00109225967640693	0.0205771639581512	0.0119667819474328	0.0881853543965925	0.0216878021177519	0.00313961489016865	0.0294716589099958	0	0.690425624657848	0.750274171316805
141667191	0	0.0565268006667034	0.34916130325541	0.0983394869673831	0.0669802047865198	0	0.0364025711728693	0	0.0345857394272382	0.00969283531023607	0.181555976430563	0.00227821667249965	0.0136142964499754	0.0112596940133465	0.0376708560046221	0.0681807007379487	0.00386899718694547	0.0298823209177394	0	0.793353968152477	0.637122769620122
141667111	0.372283835165411	0	0.143842541373498	0.131800581032559	0.0577754842972609	0	0	0.0178156195040862	0.0239917449067336	0.0133311758138061	0.0592587425012076	0.0122508602861045	0.0103513707711647	0.00889370546419388	0.0831320306072527	0.047069812871651	0	0.0182024954050707	0	0.7155169426775	0.747333487110132
141667095	0.311191408879721	0	0.175672352646977	0.143188601582296	0.0731965697539106	0	0.0258130722651506	0	0.0394189021614601	0.0171805515040566	0.0730423780737001	0.0100221413400046	0.0143741722091152	0.00568897610350026	0.0744978426314688	0.0120008552617685	0.00185216357588897	0.0228600120109814	0	0.713744115097274	0.745757983601653
141667079	0.293757955938228	0	0.144887621651702	0.17446580207413	0.0470986414623572	0	0.00850162337566996	0.00628124236756737	0.03330459396226	0.0153951055362986	0.0500458155461741	0.00101153327470369	0.0186399769230255	0.00952752014806312	0.0950725979972213	0.0754489287119581	0.000952900088444161	0.0256081409421961	0	0.712319406603611	0.747333279064319
139409891	0.168061912459974	0	0.210211830199031	0.163672845986877	0.0707517584161195	0	0.000346476562911197	0	0.0458038609267844	0.0155034327517551	0.0915907706223212	0	0.0168853893607008	0.00998450573409574	0.0643934119040332	0.107632718770846	0.0116815786237145	0.0234795076808374	0	0.710450624480455	0.733528567776449
139409875	0.27888522440346	0	0.135413045563848	0.217585617253671	0.0685195922820397	0	0.00480539340132142	0.0227897140573915	0.0426393271775194	0.00715907843251524	0.0862943429651518	0.00665851083860636	0.0197661692814275	0.00933669062128123	0.0659987240582728	0	0.00746419634122876	0.026684373322265	0	0.694664458438607	0.76421768228081
139409843	0.0115541992702945	0.0252486931275191	0.279755767670742	0.18892262112989	0.0802813717906693	0	0.00760860330710227	0.00374021431746991	0.0497476098702397	0.014501211984282	0.164064441767122	0.00650386587727312	0.0214722996992024	0.0136965163356938	0.0497615082642432	0.0378160034613727	0.00762298242286828	0.0377020897040162	0	0.696027204920509	0.733039821890099
139409827	0.0308093805475458	0	0.193848852472697	0.201254202832216	0.0725976236630723	0	0.0481749743355398	0.00223562846221031	0.0535498747482376	0.00615097541148658	0.143657422143953	0.0107148727416047	0.0229825630000609	0.0127522904592515	0.057800548510961	0.112800165154353	0	0.0306706255168118	0	0.696143439828105	0.747279030321923
139409781	0.0220260987388881	0.0371074680213054	0.31192662319142	0.126507812643877	0.0720181587123443	0	0.0256226730914157	0.00058065747230233	0.0468368742160443	0.0126756451935478	0.154361723895873	0.00800938755539246	0.0197341663422186	0.00935458379023795	0.0604856080079984	0.0660591470117096	0.00159316324230605	0.0251002088731191	0	0.752928278873304	0.681721111501978
139409763	0	0.0297554277822422	0.247056206302897	0.160644208062724	0.0672084498952301	0	0.0529459294244227	0	0.0598019443180867	0.0136709008398138	0.183394985660171	0.00323292796924758	0.0199751092715187	0.00978633822418193	0.0427957004567648	0.0750428307171208	0.00538679573475627	0.029302245340822	0	0.710023479870764	0.730563200322429
139409783	0.229647396791663	0	0.147655783594123	0.189015537403318	0.0886481579760607	0	0.0116143360416865	0.0149430629156511	0.0335866432627109	0.0063695874025409	0.0791739000763774	0.0079320729781118	0.0170747431304624	0.0107383860272957	0.0852249691953831	0.0438883412106155	0.00646992119391887	0.0280171608000808	0	0.69028156428678	0.762649791416483
139409909	0.23547617548943	0	0.195839070097986	0.160638904117698	0.0709275937985556	0	0.00197782771964819	0	0.0476245624149594	0.0227321586882075	0.0932240798629689	0	0.0165579416770698	0.0098091340776207	0.0707920399414051	0.0434729046846741	0.00397446572010771	0.0269531417096687	0	0.704807382416392	0.744332295754642
139409893	0.213339787453073	0	0.203084124900693	0.182174422397889	0.0547121081296346	0	0.00747305734780067	0	0.037297923905025	0.0164537857382743	0.101356589617962	0.000596224119699243	0.0178579164835059	0.0104841338429801	0.0728458353126313	0.0541667759603672	0.00232649750378757	0.0258308172866763	0	0.72684787699292	0.726980148987631
139409877	0.132169257897063	0.000992722273041692	0.189996054871676	0.199503430085361	0.0448035097863682	0	0.022035580086904	0.000425486835788175	0.0486814805757502	0.00943271627942737	0.119086129814809	0.00104096949491263	0.0202914546074886	0.010253333657172	0.0715968165728015	0.0951113288761588	0.00539343044342616	0.0291862978418527	0	0.71118199849703	0.738679744249316
139409829	0	0.0577708382503862	0.388326429191675	0.0235022697810993	0.0427434231155812	0	0.0326198099083623	0	0.0482096844195464	0.0280415164214239	0.156605046275411	0.00229488537217224	0.0246030285674395	0.0100297634590676	0.0672543544334892	0.0777305664258697	0.00654797992357716	0.0337204044548989	0	0.781535463720289	0.639565124681157
139409813	0	0.0800522583656627	0.388786834799032	0.0388613466743487	0.061962113044323	0	0.0247086909090512	0	0.0507272691642849	0.0177434075112171	0.174926477934516	0	0.0207938493288722	0.00916229827753571	0.0483391340512024	0.0411303872810404	0.00693611445948337	0.0358698181994303	0	0.7829035047559	0.63912411032364
139409769	0.110370236702781	0.00483133673311561	0.179137536046562	0.213851623617135	0.0592697635725536	0	0.0277001541605705	0	0.0537495424407707	0.0116694096052566	0.122616508126145	0	0.0258716525643829	0.0165866432620799	0.0970961567062709	0.027262115547493	0.0147798469968261	0.0352074739180568	0	0.719866455159541	0.737976396663473
139409753	0.170638300513638	0.0241429746591102	0.274432206584602	0.166824207006036	0.0590809530433953	0	0.010893058467369	0	0.0523849228363359	0.0107205858906079	0.103830064969541	0	0.0143637577774813	0.0107618551198851	0.0515594920767118	0.00626971964114756	0.0135770920050723	0.0305208094090675	0	0.752525605928403	0.692100270636067
141667141	0.206140707444972	0	0.171636807558072	0.194324166178803	0.0873514305192971	0	0.021968972359253	0.00892130964275011	0.0382571070979626	0.00494689943039626	0.0911049503318682	0.00818605792107922	0.0169857868017194	0.00945429489198057	0.0681918291262714	0.0456439506930719	0.000671557177818396	0.0262141728246846	0	0.720584242222772	0.740320146149126
139409873	0.203772159507799	0	0.169153452192617	0.16244594815601	0.088649400712417	0	0	0	0.0357517319985936	0.0122161191810765	0.0814971619788139	0	0.0142725908301211	0.00929335241720552	0.11131108032329	0.0744611946787983	0.00969892178646856	0.0274768862367888	0	0.698801459006061	0.749631693815552
139409871	0.0545467184906592	0.00763222635700089	0.249289018138079	0.185464829100846	0.103747935125911	0	0.0232861200225298	0.0225441796699798	0.0304106183004949	0.00656824345872695	0.149657086283804	0.000949703244198042	0.0243671997706697	0.012303439250151	0.0693350306517278	0.0302144185561455	0.00105957820952736	0.028623655369549	0	0.721371724862455	0.718654226414792
139409903	0.0330981496157437	0.041091242307039	0.352149150917315	0.128289342728454	0.0794093963457908	0	0.0192725002724412	0	0.0464183485781147	0.0152978559776622	0.130715996811866	0.00486372625777204	0.0182118224098809	0.0113505135954074	0.0565997431440032	0.0242069827837979	0.00896155893275832	0.0300636693219533	0	0.768857065017019	0.659070397405757
139409777	0.0887070183438898	0.0125609505854529	0.179323862884772	0.224857548163089	0.089969778625856	0	0.0255854247030281	0.000239168250773222	0.0529091306237787	0.00580883424221369	0.149336617698848	0.00255420669486755	0.0188524931196174	0.00998289947320798	0.0492262589885367	0.0552601223820446	0.0043671040330423	0.0304585811869822	0	0.697110345547783	0.754499769212109
139409745	0.119066489383409	0	0.240833307249508	0.175328529064011	0.088139187652399	0	0.00667447490197557	0.00568269413573631	0.0364692858188322	0.00668397620762191	0.125083595487567	0.0137911135953325	0.0211298650687969	0.0121855066886516	0.0582802813476711	0.0522656282058237	0.00760293365584594	0.0307831315368183	0	0.704254711089484	0.733849037060184
139409919	0.00450742413027567	0.0165094978854057	0.353596871468629	0.127050445550408	0.0853615530501015	0	0.0142824944287183	0	0.0349826448783391	0.0126893709880809	0.152016505539461	0.0117006553153987	0.0241467562156298	0.0136467020787685	0.0584293039366949	0.0451871671482435	0.00971439984640908	0.0361782075394358	0	0.737017546083719	0.686880926604906
139409791	0.280627297958921	0	0.138771662534193	0.171630912430525	0.0490652803945216	0	0	0	0.0454910957906023	0.0120545988921044	0.0566478667155049	0.0229955436945849	0.0197314031460653	0.0103447389338075	0.0903030956964735	0.0660588433705274	0.00901170564921414	0.0272659547929554	0	0.688717058750822	0.764851680951056
139409759	0.1106573912069	0.00328145623099193	0.211319189124641	0.215704538846568	0.0857276436564353	0	0.0238309670665169	0.00799775697758076	0.0387233437457668	0.00945190439481408	0.0805779169836854	0.0120800475618442	0.0210199573880795	0.0107539278939289	0.0571850960878847	0.073042718443206	0.00704228727067978	0.0316038571204768	0	0.717303093148362	0.730874424061214
139409869	0.146773839169218	0	0.152171080399745	0.242473578637384	0.0888442836520345	0	0.0218174331783134	0.00443709240809067	0.0375804593295365	0.00715563479563467	0.0879459671803522	0.0207019867550348	0.0203079654614425	0.0100579180016543	0.0640823582422888	0.0543353251555413	0.0156483858496194	0.0256666917841093	0	0.713258829711246	0.750213973427856
139409853	0.0218342277054724	0.037625027462753	0.318858433772936	0.162051391235921	0.0867986323693609	0	0.0134463026105538	0	0.0408478691493018	0.00998669877294066	0.119303051324383	0.00969517073829904	0.0182452048500727	0.0111111335636498	0.0583007488338124	0.0467884066807476	0.0101114087607496	0.0349962921690463	0	0.748895377724583	0.683463516964333
127686979	0.0557332602681785	0	0.288470931212844	0.185632801588667	0.122536016098371	0	0.0102334926057228	0.0332845939818245	0.0162072544770936	0.00785406746658834	0.114526461933328	0.00516138424383336	0.0224337807205291	0.0166053948861944	0.0537580009823632	0.0189840251946205	0.0100380670313883	0.0385404673084532	0	0.700598123284518	0.725563595964003
127686963	0.0290594957135492	0.0110077328647176	0.243556643888216	0.162636707127063	0.0811068811080044	0	0.00189563363816914	0	0.0439531310318061	0.0109889022353868	0.124254944912303	0.0065414427038877	0.0209312994157351	0.0125648094178983	0.0706340000403824	0.142596673854521	0.0117316614016356	0.0265400406467241	0	0.705668439657295	0.727177939208036
127687011	0.236108492009961	0	0.157784780702974	0.211247765063519	0.0864824834519095	0	0.00404525194685961	0	0.0466191717679857	0.00262438972560514	0.09820615415991	0.000567637970244089	0.0157238866517251	0.00846570091228021	0.0533789738609052	0.0338828353675031	0.0142214911797663	0.0306409852288524	0	0.686174220463402	0.766361567032256
141667109	0.171842960601564	0	0.171095043138296	0.16846132643206	0.070388938321976	0	0	0	0.0387875764274015	0.00705201374282181	0.0753170690385843	0.00397560240892511	0.0142413510839664	0.0106862369215609	0.0760679785190782	0.152849608833378	0.0124718124999747	0.026762482030413	0	0.688429970373432	0.751162026493916
127686975	0	0.0361131857301694	0.346281171311235	0.138539832252658	0.113739500732702	0	0.0198884957450416	0.0111571061537904	0.0233916614480848	0.0132248262459985	0.111579536822719	0.00825825620171117	0.0171766947656447	0.0103410896338134	0.0495746314415592	0.0583171289804777	0.0068433571597372	0.0355735253746581	0	0.743897232260428	0.681513538946388
127687023	0.110449579603129	0.0132869239245814	0.243008687664007	0.204995081173157	0.0895970149290391	0	0.00864137376920087	0.0110668040222977	0.0524958807499017	0.010056785308387	0.136415564237574	0	0.0182983150786003	0.0108542566191927	0.0558963748728214	0.000334376077347278	0.0108742773166787	0.0237287046540849	0	0.707850559417829	0.731568385704774
127687087	0.0344741174820067	0.0155793144947296	0.273240284551293	0.157240830961911	0.106552486326465	0	0.0201174066324472	0.0258241405438466	0.0212946362021559	0.00740705912712904	0.140925667852078	0.00834389826755999	0.0216745280367386	0.0123041099111937	0.047179938171959	0.0776665919976465	0.000325140364392887	0.0298498490764472	0	0.729942786059353	0.70595833457717
127687009	0.329744358478921	0	0.14782042764459	0.170234457982824	0.056038848252647	0	0	0	0.0352158422117111	0.00974922015247995	0.0857786505945786	0.0108403991231092	0.0133521703135506	0.00970494510046503	0.0579061091850965	0.0300384786581284	0.0106232031131753	0.0329528891887227	0	0.681081391305431	0.771361278993258
127687115	0.0771425329525958	0	0.196833791964278	0.20949144956231	0.0965059735036372	0	0.0032405856622417	0.0183789206899536	0.0280739178460469	0.00514470827144167	0.134451729796035	0.00569467546367691	0.0227778977246419	0.011475844322089	0.0618653699931923	0.0985863424389813	0.00754010961397624	0.0227961501949023	0	0.674418616224957	0.759182560150113
127687099	0.0814200226411866	0	0.220635403505244	0.214582937977462	0.128572267299111	0	0.0114619549993047	0.0211992492786842	0.0249900406791354	0.00930914045077236	0.119155384624767	0.00678029412594106	0.0185994396734283	0.0106211590805555	0.049561647290313	0.0401303673233185	0.0108907114046291	0.0320899796461473	0	0.697968039157773	0.741848469303838
127687069	0.0983938936305359	0.0397090769878562	0.225485408724663	0.214663515118381	0.0911980222817555	0	0.015225013962329	0.0214897441341921	0.052510154936966	0.00861297574128489	0.135957785697993	0	0.0166883211382249	0.0110910497025046	0.0407108466518853	0	0.00178428298522327	0.0264799083062051	0	0.731740659302608	0.719368277485782
127687053	0.107468610388018	0.00204236712482992	0.167986611833861	0.226767096616583	0.105414180655074	0	0.0184053418238174	0.0211158195264988	0.0377154165704143	0.00356202574584717	0.115867065062834	0.00819346466803436	0.0189031691839456	0.0112522132629628	0.0581502798788223	0.0628510030860209	0.00401651144399809	0.0302888231284387	0	0.720988843627766	0.738764424432675
127687081	0.201357603582195	0	0.148096782464511	0.20024597087667	0.0476169501240478	0	0.00922516667641878	0.00896297610320859	0.0578854727544003	0.034136004324422	0.0705813432747839	0	0.0192783447558796	0.00943892298153716	0.0913648680934486	0.0646745239484096	0.0080310511620527	0.0291040188780147	0	0.695706976355039	0.758092366737341
127686971	0.24811153412845	0	0.173793734545645	0.206454405819904	0.0530482634043305	0	0	0.00288105570766266	0.0488751516191725	0.0336364219641538	0.0678007529623309	0	0.015749981767995	0.00960973711671325	0.0825429473274349	0.0256310976749475	0.00844295600991041	0.0234219599513494	0	0.700419430412927	0.751457667743644
127687035	0.120437342194428	0.00556637751607297	0.188435554380307	0.216312805980272	0.0787656110195133	0	0.0178876820532549	0.0282568743403558	0.0388205084083764	0.0294772787570435	0.0852148417405722	0	0.0202867347502152	0.0105646231135573	0.0894946679551774	0.0365191662365192	0.00219811372036661	0.0317618178339683	0	0.704056450832057	0.742640916806722
127686953	0.157926804258009	0.0206522830224806	0.161100655568027	0.212320916775494	0.0913273776412296	0	0.0148326687979623	0.0107669215417383	0.0586186833081179	0.0179308607006012	0.0996487794570645	0	0.0207122338669937	0.00806286933891916	0.0772314685911574	0.0144268089179553	0.00477121831457115	0.029669449899679	0	0.699528095959762	0.757072174347917
139409757	0.187594263131474	0	0.0946271644746368	0.250546775671524	0.0873462673128139	0	0.00682547856307303	0	0.0477463829346021	0.0191228599781455	0.0852038809711079	0	0.0189315205713802	0.00492175651792414	0.114659989844799	0.0447257913974011	0.00392649433162746	0.0338213742994907	0	0.414068070311844	0.910358971454662
127687017	0.130473218281838	0	0.17058874804535	0.22623879745832	0.0903632723453781	0	0.00412020099327434	0.0335316828044845	0.029581572747615	0.0103754329758952	0.125509909583914	0.00311251729055577	0.023347901832477	0.0123117101197415	0.0687243403442334	0.0341467305997687	0.0105316945666091	0.0270422700105458	0	0.676114345143515	0.764531860449126
