Mixture	Ex1	Ex3	Ex4	Ex5	Ex6	Ex8	In1	In2	In3	In4	PVALB	SST	End	Per	Ast	Oli	OPC	Mic	P-value	Correlation	RMSE
159226173	0.185302615070891	0.270112512888106	0.203891572343263	0.0810700848441222	0	0.0826803921864478	0.0167175421503323	0.00700781883249816	0	0.0104623672106047	0	0.0276884153275467	0.0180604158297012	0.00458004954059293	0.0352005673782427	0.0450739529224997	0	0.0121516934751524	0	0.508118310464994	0.863288120685643
159226141	0.193744617332982	0.149699449869708	0.299209274143907	0.111709872462995	0	0.0866672394433194	0.0062193143005095	0	0	0.0170698148902713	0	0.0377829351021295	0.014025218616322	0.00481792964248055	0.0549366399026354	0.00830522240057811	0.00154234370219891	0.0142701281899635	0	0.506458563387194	0.865332507479596
159226109	0.171269056855356	0.19523329518721	0.233334648978622	0.135823389254959	0	0.0941089513789542	0.0373971120177619	0	0	0	0	0.0353790854849748	0.0141885695825799	0.0049192926183282	0.0299781062475655	0.037549968852602	0	0.0108185235410864	0	0.504885381590742	0.865688518132886
159226171	0.203044035474047	0.12602036073603	0.268757904093482	0.0796304542631087	0	0.0940550614989355	0.0177311744649055	0	0	0.0237086713662289	0	0.0416596370762446	0.0168996033463862	0.00686790165308952	0.0956134223687958	0.00332089120118309	0.00434962931956632	0.018341253137996	0	0.525266502130483	0.854178597043628
159226155	0.235575225805831	0.172815109531504	0.241225389737466	0.0564026935165973	0	0.0967730366461642	0.0154100701585866	0	0	0.0191571146508071	0	0.0402127304114474	0.016331974243973	0.0073209673380493	0.0709421781989852	0.00128804105786161	0.00485728841532144	0.0216881802874066	0	0.52942345186299	0.852908322573631
159225882	0	0.4461475434235	0.232861173312026	0.115198688128168	0	0.0445593873222743	0	0.0227442166432821	0	0.0100882194692309	0.0229301045998424	0.0198297038828476	0.0154237778528109	0.00281066800944794	0.0183567683289408	0.0378659966770304	0	0.0111837523505983	0	0.503185789530011	0.864452533364116
159225866	0	0.438306296837546	0.250802396542692	0.10451150357268	0	0.0554420069250818	0	0.0221811876177249	0	0.0036006978707119	0.0314253286975662	0.0180998430998654	0.0200833838524105	0.000923114502551096	0.0215734755180212	0.0204410997228886	0	0.0126096652402603	0	0.519073412752511	0.855560201852111
159225850	0	0.486102901168133	0.18452853685314	0.0940688093728287	0	0.0591706161044223	0.00606835935123462	0.018414242500569	0	0.0101315579439954	0.0335168216931399	0.0146502331482969	0.0200677056387062	0.00303394520355981	0.0128676462254887	0.0461645300373035	0	0.0112140947591823	0	0.518571436457537	0.855494707653919
159225834	0	0.481752267524187	0.235505270254979	0.0894813061300838	0	0.0526280833579663	0	0.0196011051149832	0	0.0115291418533542	0.0318187814999855	0.0237589494383474	0.0189670222608147	0.00255754750694948	0.0139299074650726	0.00956857241117733	0	0.00890204518209897	0	0.508515935290293	0.861411888134172
159225818	0.0312067752772036	0.498867597702358	0.174638126292525	0.0888712762334629	0	0.0448208508221594	0.0202941765293904	0.016213850679518	0	0.0153216635953213	0.0288774343987431	0.012037300577201	0.0196317039042685	0.00266911489532298	0.0219196875603786	0.013797157248194	0	0.0108332842839525	0	0.525148651513263	0.851683113661929
159225802	0	0.389745086901268	0.296019578263306	0.091366360447892	0	0.062504274726064	0	0.0218719819723677	0	0.00415127540379487	0.0304370215969806	0.0179022887818365	0.017642014719581	0.00103866889043382	0.0215442955102543	0.0356991447185036	0	0.010078008067717	0	0.51344557299668	0.858989411823156
159225786	0	0.480206899745406	0.254721166054121	0.054582306985129	0	0.0734894436120108	0.0156397395414504	0.0129392011001219	0	0.016055645368166	0.020718758229828	0.00426273592207979	0.0210837489950542	0.000923688325616707	0.013713078000367	0.0205218473923654	0	0.011141740728283	0	0.541059016701321	0.84246334272297
159226119	0	0.440760883545418	0.229342865727732	0.0661841890343948	0	0.0617320411723495	0	0.0224123700314813	0	0.00952966712739886	0.0337293902851914	0.0173249572702484	0.0167369598351936	0.00257558038748283	0.0127150452719927	0.0744331340142722	0	0.0125229162968442	0	0.505124371832001	0.863243962331194
159226103	0	0.477468841203485	0.239552610871647	0.0766905565031776	0	0.0681186429881576	0	0.0201722696336712	0	0.00734351677714123	0.0184838771042819	0.02506110556584	0.0177501373534058	0.0031464024925647	0.0235881825489502	0.00825671691954263	0	0.014367140038135	0	0.535285661518548	0.845948807885409
159226167	0.0911526527848429	0.411209171485337	0.208467103636114	0.0453732287655013	0	0.0577817476991615	0.0172663950294702	0.00909260652567615	0	0.018914017211455	0.0136519518626596	0.0170094652532109	0.0185530463640185	0.00436741492615569	0.0307816795042127	0.0405079398559071	0	0.0158715790962776	0	0.506211644082453	0.862967223688804
159226151	0	0.459369238218863	0.219198376765379	0.0833848619675722	0	0.0808367947580704	0.0232187841899577	0.0166068758518116	0	0	0.0326735627778201	0.0269292852742891	0.0177807105143799	0.0024105226659161	0.0127738805245065	0.0138385482396908	0	0.0109785582517442	0	0.530210373922657	0.849101577881735
159226135	0	0.450613185027251	0.212764689137097	0.119894681413064	0	0.0593739080710865	0.00265881438409331	0.0221791380833181	0	0.00703193854800445	0.0431842522129124	0.0151014362412608	0.0206082988860806	0.00243588061674327	0.0111017251015608	0.0221261920195707	0	0.0109258602579578	0	0.526534332364731	0.851355474233838
159225722	0	0.389759592063673	0.309549206746282	0.0854838518622054	0	0.0844798365961416	0	0.0285368827355677	0	0.00906551237973611	0.0312102407857718	0.0170262629398693	0.0186614446595579	0	0.00893548802564437	0.00595843302177822	0	0.0113332481837728	0	0.46252600753292	0.886921732590151
159226215	0	0.46206725352871	0.178254746332962	0.102613060877224	0	0.0522603614557367	0.00477635866493621	0.0220724775814214	0	0.00585676178779153	0.0152123014305687	0.0307595104860508	0.0231911704667417	0.00221646333273069	0.0109125387643058	0.0751373953105502	0	0.0146695999802697	0	0.492598842323603	0.870309793226899
159226199	0	0.38181370423997	0.321868168375485	0.0735602681708096	0	0.0916028765456637	0	0.0327854038697093	0	0.00722187616910125	0.0327039329961411	0.020792851092603	0.0172382766763688	0.000351218489464312	0.00744891108020701	0	0	0.0126125122944767	0	0.502063430748279	0.865628523693258
159226183	0.00678820914455642	0.461098377174935	0.222981892401126	0.0503921244549101	0	0.0459853091768798	0	0.0207228509670966	0	0.0110211310603894	0.0199229588382613	0.03236212983532	0.018938682967137	0.00324260588466587	0.0127684661247292	0.079845075030894	0	0.0139301869390995	0	0.518541805276694	0.855412946351779
159225770	0.0467103965519659	0.478284514922975	0.193218880237654	0.00379100994876924	0	0.0533519540227795	0.0181219164275095	0	0	0.0189891434434886	0	0.0211893915499204	0.0220916064324211	0.00548938496220342	0.0185833159679385	0.105655674251411	0	0.0145228112809636	0	0.510251752978815	0.860025725802139
159225754	0.0375438562169775	0.45992135234572	0.218430617754125	0.0477866851792297	0	0.0729950595848191	0	0.0209364109886929	0	0.00987406647231534	0.0226970104568754	0.0279858110575695	0.0222135000050574	0.00406946695799456	0.0116900908228738	0.0323962880563794	0	0.0114597841013711	0	0.531319518035565	0.848604349932041
159225738	0.0124204632170944	0.642281985771515	0.142175165767432	0	0	0.0785135589376345	0.0252728920443442	0	0	0.00395595243896134	0.021474604094966	0.010282840791542	0.0123227306482373	0.000553408059927115	0	0.035264648685281	0	0.0154817495430655	0	0.56993597425467	0.822861520028817
159226087	0	0.412188714748247	0.151496956612832	0.133646906759297	0	0.0576637035867359	0.00356678177536473	0.0163426325471642	0	0.00568925143906937	0	0.0298902673902561	0.0242383007119855	0.0043618895219489	0.0246180983239868	0.105677067542798	0.00479199465103676	0.025827434389278	0	0.497027927010683	0.867721890677188
159226039	0	0.455797910395834	0.131421143162525	0.0801729746386506	0	0.0291013193956394	0.00613524397320545	0.0123366016552905	0	0.0126210754958024	0	0.035075533541171	0.0282308168371072	0.00465024180116983	0.0258259906044149	0.136206969930443	0.00965966155370215	0.0327645170150441	0	0.492823265336279	0.870245728194324
159226213	0.149343887869231	0.345681502071804	0.21854475063817	0.0845744072167032	0	0.0672575215654013	0.00111499248012795	0	0	0.0192625128629315	0.00256108077293005	0.0164493066456921	0.0150428088474686	0.00459157423319457	0.0372931677069764	0.0239860963875379	0.00278633022963343	0.0115100604721982	0	0.534835329032926	0.848092093260135
159226165	0	0.461873183206269	0.215140361419566	0.0561572707098885	0	0.0712098497866444	0.0134812424607244	0.0223116253119887	0	0.0178709286459501	0.00093727257306716	0.0535884070035364	0.0204197279999091	0.0032243161916403	0.0305366328593639	0.0201619048991577	0	0.0130872769322938	0	0.522515881466607	0.853393307240549
159226149	0.0580995895153306	0.353947637453588	0.230676950403353	0.109396880555801	0	0.0828016268419648	0.000637473052431918	0	0	0.0210943547503628	0	0.0352059979279558	0.0179911115338436	0.00876141898026497	0.0483596671608235	0.0160365171453366	0.00108667876933126	0.0159040959096125	0	0.507650264463917	0.862517850416585
159226133	0.0871905354004789	0.392997438101783	0.174439520117301	0.0877655915382876	0	0.0828602796927191	0.00990541367514918	0.0241726655772974	0	0.00905653116255491	0.012761401946563	0.0305531524245295	0.0169585871208189	0.0036687133465449	0.0327463502183713	0.0239126981270516	0	0.0110111215505497	0	0.509802502692871	0.861284939635408
159226085	0.019181597261799	0.370685188633607	0.218133623556648	0.0534806798394803	0	0.081157112025252	0	0	0	0.0367311234895272	0	0.0376553918136314	0.0237367724976388	0.00976708890006694	0.0774742591006771	0.040232665938624	0.00827435555378062	0.0234901413892678	0	0.499457713559149	0.866453552123194
159226069	0.0807777058231237	0.297442642677694	0.255139969781514	0.0873932476535212	0	0.0927877843290181	0	0	0	0.028133883236362	0.00233919677339957	0.0296619561773217	0.0204696134643862	0.0133795981290067	0.036283457031964	0.04176007034263	0.000701917778162205	0.0137289568018962	0	0.510475489566946	0.861618589917045
159226053	0	0.487071214555252	0.175927748921487	0.129226078249436	0	0.0758956751390198	0.00330929373776791	0.0180247264256647	0	0.00110013307610694	0.0146320415644755	0.0270372506133132	0.017849581404846	0.00398764095088004	0.0286638760315197	0.00746099879716262	0	0.0098137405330688	0	0.552434580980782	0.835715687209929
159226195	0.305764947563638	0.177729340396029	0.20552617891582	0.0121306638260638	0	0.0992887849143009	0.0428607260281944	0	0	0.0157791884183553	0	0.0310282757179534	0.0123135175788805	0.00448778937699118	0.0608529556354612	0.0134102986831779	0	0.0188273329451349	0	0.513411838751713	0.861302382093791
159226179	0.242189785045925	0.21464525129496	0.201057540010631	0.085070391804636	0	0.0976679771253914	0.0162436237824012	0	0	0.0210875628061685	0	0.0302229314347543	0.0157882800918572	0.00716333562161844	0.0538350679267978	0	0	0.0150282530548598	0	0.5192112873946	0.858331142842287
159226163	0.145687763548309	0.206309978434301	0.250936516162115	0.0339653692528418	0	0.0821689414302878	0.0175491873934614	0	0	0.0288719512862345	0	0.0425643992330544	0.0194067138299062	0.00787865650948023	0.104711243654683	0.0306782662452556	0.0045497873693672	0.0247212256507031	0	0.515594141283759	0.857988002558105
159226147	0.185476586622315	0.255952004834472	0.201345984261221	0.0731383227160566	0	0.0749374820008869	0.0178295623348944	0	0	0.0190112934492937	0	0.0163786869359892	0.0168744616278137	0.00547210478992973	0.0468945280288669	0.0741676837376049	0	0.0125212986606556	0	0.507889095153095	0.862903658439929
158158349	0.159489684142257	0.250079779559655	0.271179757454821	0.122487758769551	0	0.091222935195518	0.00774814376064458	0	0	0.00692386595812569	0.00818399837559161	0.0187708195353222	0.0152244684157982	0.00560446050798061	0.022560662768137	0.00670834812007375	0.00134029806983334	0.0124750193666908	0	0.553853400502316	0.839990653739198
158158219	0.165454407453939	0.253411979938246	0.248602064706206	0.0922493418087229	0	0.0698153204646161	0.0119591946103804	0	0	0.0151885743684362	0	0.0281051533402238	0.018555526777367	0.00839766335294394	0.0252280103189437	0.047318540478021	0.00224070546242804	0.0134735169195257	0	0.507880713354205	0.863698937084337
159226035	0	0.475272261222391	0.183253570053795	0.106501003284609	0	0.0724104756906718	0	0.00352305904131155	0	0.0175664708858462	0.0158650942721837	0.0405239670722754	0.0172538285096079	0.005151600101208	0.0126559760761411	0.0372877166636435	0	0.0127349771263162	0	0.53203461673881	0.847934580122863
159226099	0.0714620259254341	0.176114371442597	0.270691130113967	0.0682170620038031	0	0.0788828097265185	0	0	0	0.0302425761499125	0	0.0538969278174822	0.0211985268576665	0.00840496798101897	0.0805274001674804	0.105365891160346	0.0075648226408905	0.0274314880128839	0	0.500041334655575	0.86637959841784
157772868	0.0467586113211454	0.334258858458766	0.265683837426025	0.0729699306537628	0	0.0989412942052998	0.0102496850921089	0	0	0.0101723483394941	0	0.0429851393370163	0.0201769809769664	0.00734723632426648	0.0489337008444942	0.0222280521328657	0	0.0192943248877889	0	0.532599789274114	0.848869827575775
157772849	0.0322130789985157	0.167536651088685	0.269396763519092	0.0420570882838012	0	0.0587761202859827	0	0	0	0.00383739463621686	0	0.0313310364347682	0.0217330156402642	0.0044414026808459	0.0356904085030575	0.309103839573669	0.000865017506003704	0.0230181828490982	0	0.561904100675454	0.827329429365726
158158257	0.0664837187447596	0.2353212058423	0.297627936274545	0.146338563335663	0	0.0974126912777452	0.0454808499049622	0	0	0	0.0413112151145333	0.0144148751224209	0.0173793791665808	0.00491876644017316	0.0061696343531755	0.0147674411625582	0	0.012373723260584	0	0.565385074978188	0.833337439660241
158158305	0.101432630567649	0.307119840698823	0.275378667072919	0.0749059286284164	0	0.0607947446675932	0.0264550472374141	0.0013363641372311	0	0.0121395349259229	0.0376971890904784	0.0102600681924142	0.0199387519567178	0.00535934744700404	0.0205684738143613	0.0306494123301341	0	0.0159639992329211	0	0.549207355361774	0.840821621357629
158402926	0.0520707981124319	0.307651216234959	0.257953269278931	0.0611192998431365	0	0.0650713830497046	0.0160041081914862	0	0	0.007770823653225	0.0166536222026586	0.0392518281231524	0.0239170014378122	0.00422619814717754	0.011049405856258	0.116365153351758	0	0.0208958925173093	0	0.524891546415232	0.852619250155088
158402894	0	0.322085285079919	0.340236462898954	0.114971738021561	0	0.0560380940454919	0	0.00859691726021806	0	0.011087463215906	0.0420915260427912	0.0252272264965633	0.023454641812306	0.00459595494162495	0.0080729501539964	0.030908216714785	0	0.0126335233158829	0	0.551252616710833	0.839183669992489
158158255	0.0669476624678919	0.305166887413634	0.259602889032635	0.112566935197377	0	0.0818807727679099	0.0262886500443544	0	0	0	0.0106085090677278	0.0358301015581703	0.0183268040755665	0.00624666585049389	0.0217250449285485	0.0357098619097703	0	0.0190992156859209	0	0.543921525233202	0.84349446458168
158158319	0.0927450866120949	0.236358209645615	0.341859813304254	0.0690058723479151	0	0.125003997970271	0.0100137852910591	0.0214341138473134	0	0.00365077104371554	0.0239918775997704	0.0186390851645784	0.0203228214837114	0.00163439257779028	0.00863490085885209	0.0180452188215082	0	0.00866005343155134	0	0.555262062053617	0.83932884109343
158158367	0.0549519273031358	0.350573756047818	0.260983081848398	0.109197919200071	0	0.0847252836692439	0.0355011005515137	0.00684316572124881	0	0	0.0371679691930689	0.0114630824118264	0.0146155827659554	0.0039368003396148	0.0111512636749731	0.00756494691736316	0	0.0113241203557692	0	0.569113854434268	0.828760526741147
158158379	0.0651840566203742	0.340576990688996	0.270733757959577	0.0632289094296928	0	0.0741723375749401	0	0	0	0.0217085242399695	0.00809270575094185	0.0281882070625793	0.0202601427696627	0.00560607791845402	0.0100849885427732	0.0728253021889689	0.00195933030441365	0.017378668948657	0	0.553946021620641	0.83720293588692
158158221	0.0970342826975412	0.301037254347445	0.246960226277971	0.0971270593804473	0	0.106547898246115	0	0.0211009583968531	0	0.00476684715801535	0.0267750746697658	0.0293198221016457	0.0161781095004934	0.00642420560496938	0.0292511898481104	0.00458017131898924	0	0.0128969004516391	0	0.573420892709854	0.828226801065126
158158301	0.0750765651481527	0.387517133855275	0.232702653008312	0.0994843805964658	0	0.0829453154716885	0.00553503402373903	0	0	0.0180221272692223	0	0.0225658880324454	0.0190617846634137	0.00499787145871049	0.0198684894450412	0.0212335517232978	0	0.0109892053042361	0	0.556272945806644	0.835504366769477
158158381	0.110104607188854	0.18285835578921	0.357758183985999	0	0	0.120030740412231	0.00841579533590662	0	0	0.0160461808418954	0	0.0114035593355786	0.020400210621665	0.00412619729273558	0.0309896292225678	0.127095385094934	0	0.0107711548784231	0	0.543772667780637	0.842906872418624
158158249	0	0.400116996952911	0.243528886009764	0.0847076448223159	0	0.0839627838479738	0	0.0165947501914545	0	0.0111715581085332	0.0273287646575442	0.0292619847490548	0.0187297935583124	0.00535043139002871	0.0355890952988203	0.0248095496670379	0	0.0188477607462499	0	0.562341488567003	0.83135505695209
158158297	0.0350626141900406	0.306869562912399	0.266805045921431	0.109879553389828	0	0.0882001335871045	0	0	0	0.0153149505550894	0	0.041128083397857	0.0162835255339263	0.00719029545219014	0.0304846118653587	0.0654579008538701	0	0.0173237223409052	0	0.538186774589605	0.846086172507845
158158377	0.112456027188687	0.243129443923581	0.274558608592912	0.111861447342926	0	0.093256737420968	0.0281168328791519	0	0	0.00188522005368992	0.00660124880637688	0.0360900827017344	0.0176792174563258	0.00638662385550944	0.0155417975905632	0.031877961410526	0.00352941866235071	0.017029332114698	0	0.563778970857017	0.834463973513004
158158361	0.0926726113620702	0.331379009626372	0.258660671249923	0.0946288264181948	0	0.0858337155188817	0.0296068753976329	0	0	0.00586263874446863	0.0216178589015599	0.00649441103563893	0.0173135038206715	0.00599088176902839	0.011139154005126	0.0264704908081537	0	0.0123293513422779	0	0.54619340924163	0.842056407769148
158158393	0.132441892438248	0.169776398111524	0.315868788447897	0.126779135748962	0	0.0982619110106613	0.0442404763949413	0	0	0	0.00419622323029242	0.0278257014057467	0.0155908261349886	0.00512342716024253	0.0248872176876902	0.0223251942720747	0.00112081303868669	0.0115619949180444	0	0.548421737297855	0.843450835578345
158158283	0.150900057042129	0.24049327384297	0.271174435832116	0.0976076916814606	0	0.0788512199352759	0.0573229424065747	0	0	0.00739731086177333	0.0138942229633847	0.0160168445500872	0.0195147257706329	0.00616432357274386	0.0171250851708175	0.00781863423547759	0	0.0157192321345568	0	0.549603733028403	0.841916532868639
158158389	0	0.398279638048697	0.245829302335701	0.111025571614503	0	0.081455127117313	0	0.00101406343311315	0	0.0164735395781284	0.0205641631697124	0.0404218066997535	0.0191149425031913	0.00472173274445465	0.0115970550235166	0.0326248629658016	0	0.0168781947661145	0	0.555550124081992	0.835629757763251
158158341	0.00249099802625922	0.412293179142729	0.17432618923886	0.149886314629447	0	0.0641347315717725	0.0230508059808791	0.000357893992003086	0	0.0228882215134514	0.0220936013251616	0.0317484936944517	0.0212326699188669	0.00584014532410412	0.0252773564486156	0.0286116491692996	0	0.015767750024099	0	0.554615064022305	0.835658771636783
158158231	0.0285795110598022	0.343337899086628	0.260492447217562	0.0475097463322069	0	0.0836008960539137	0.0124091621311526	0	0	0.00813858044760923	0.0197588338569671	0.0365900499815021	0.0231507016882986	0.0103411786273141	0.0395584281403313	0.0598340847722554	0.000492792665598547	0.0262056879388579	0	0.537801722828525	0.84564072154313
158158215	0	0.492897052849247	0.194147642912263	0.073580020529704	0	0.0832188933088916	0	0.00907562267699354	0	0.00586593951272292	0.0306136315971913	0.025835685126641	0.0170743582878164	0.0046106178737214	0.0186688873049881	0.0303974001656008	0	0.0140142478542186	0	0.56749094804778	0.826796024818463
158158279	0.0636374725620925	0.352668288439978	0.25139452635564	0.0629394516215101	0	0.0775162945094749	0.00321779635554829	0.00271451839203712	0	0.0130221163401006	0.00853169392126357	0.0376297584222203	0.0199596998734301	0.00544933420688363	0.0109290022826864	0.0741301624782372	0	0.0162598842388967	0	0.552551554063087	0.837677492479491
158158295	0.179860808244851	0.124698013939478	0.279797400371412	0.124522490936063	0	0.0953647356072326	0.0565013699642535	0	0	0.00111445496327094	0.000710612726217426	0.0372324508112368	0.0171010832296263	0.00632190340756593	0.0145115265254108	0.0460583505859837	0	0.0162047986873981	0	0.536819252945003	0.850309370046176
158158217	0.180490797871047	0.151011901219393	0.289190135188317	0.143164348928583	0	0.104589217059291	0.0389656548128905	0	0	0.00295322258209025	0.0166203637122476	0.014090793643777	0.0162520181722755	0.0052767180252136	0.0171338014827369	0.00775777631499767	0	0.0125032509871399	0	0.566441018413598	0.8353557842689
158158275	0.016607519993323	0.354096991302703	0.219535442745715	0.14170243149755	0	0.0763071897735017	0.0258951349534708	0	0	0.00632440921425589	0.0233880981517753	0.0332450700933588	0.0236280719193113	0.00674143649852628	0.0114106281188211	0.0424622586557199	0	0.0186553170819674	0	0.550159589540071	0.83923063860881
158158259	0	0.446219647888129	0.150010687571469	0.170793064890473	0	0.0772567693812203	0.00106559331922966	0.0231782575129376	0	0.000882022279806365	0.0221881902986095	0.0285374230581499	0.0206463094399875	0.00456794506354811	0.0278776007606967	0.0119845878398604	0	0.0147919006958838	0	0.575163670314398	0.823224099763941
158158371	0	0.496151574240338	0.179508817701966	0.0905393634245563	0	0.0592626047316146	0	0.00170824967707674	0	0.0150026655665051	0.0314315548679162	0.021549205953953	0.0179764632963966	0.00542063939816025	0.0161357300033867	0.0500533633984134	0	0.0152597677397166	0	0.572141344414686	0.823746882016501
158158245	0.0580885741261698	0.235809922035576	0.309257845809137	0.134484255966982	0	0.0929195742096265	0.0462775703153975	0	0	0	0.0313867186667206	0.023541303648329	0.016950907300176	0.00572288540066182	0.00989288175697696	0.0210722226120047	0	0.0145953381522422	0	0.561140542225851	0.835424790155186
157773006	0	0.460959641493109	0.164122719455006	0.101072333003004	0	0.0651113444768183	0	0	0	0.0169025852831232	0.00323094105894444	0.0285392375222959	0.0200321829714765	0.00515109201189504	0.0309541404544741	0.0882474705344335	0	0.0156763117354205	0	0.56359145653809	0.828594060231581
157772864	0.0178906269257643	0.272679307960291	0.29621362655373	0.149148545587091	0	0.0795275275059441	0.0118693200657062	0	0	0.00481137519611686	0.0363406560866936	0.0329457263145111	0.0227799873118948	0.00624003964375864	0.00563696122869572	0.0463206239501041	0	0.0175956756696988	0	0.538445557844154	0.847060337898671
157773040	0.0138420724503552	0.472124067767111	0.170554612245659	0.12636123722923	0	0.0614485310688268	0.0109766706479282	0	0	0.0178264118641914	0.010941532578872	0.0312924183460133	0.0213524324495755	0.00551314402708633	0.0157486024710117	0.026783201240732	0	0.0152350656134074	0	0.569221233679371	0.826235483845246
157772944	0.161511721474036	0.186650299516216	0.282671005109429	0.102342599425124	0	0.0829403540131559	0.00024526889995309	0	0	0.0167652627191389	0	0.0344145165965958	0.0166364117327004	0.0060156958246198	0.0234581119008845	0.0685996150097247	0.00265934366714515	0.0150897941112776	0	0.546132189236177	0.844510376780691
157772912	0.0862320687439912	0.220235043945115	0.259897229602616	0.168701993151625	0	0.0955893333530873	0.0403804215789832	0.000713006095419196	0	0	0.00430027540570751	0.0436286287475221	0.0149514746432299	0.0057977138937388	0.0129117471227997	0.034653551214244	0	0.0120075125019218	0	0.560556837828319	0.836197776037026
157772908	0.132634021952416	0.166999789671828	0.269756893766345	0.121493677019426	0	0.0857652420197298	0.0313597858804095	0	0	0.00870952439003398	0	0.0490947084535171	0.0202616613760966	0.00756827292788823	0.0272744001666152	0.0553762706653397	0.00315438580164964	0.0205513659087054	0	0.519066508325666	0.8586022631106
157772876	0	0.471733867900306	0.17394627242003	0.0821450418343241	0	0.074774979992735	0	0	0	0.0191188397856636	0	0.0325498182098471	0.0243737127575682	0.00967859807283177	0.0355621548198096	0.0524405962491039	0.0020022801157892	0.0216738378419918	0	0.545127664460776	0.839971273719192
157772972	0	0.465314791292154	0.183920696997728	0.0849949532588739	0	0.0742928597762057	0	0	0	0.0229319107496058	0	0.040280667497442	0.0222954551990096	0.00824552027400061	0.0350071369863849	0.0405593281217043	0	0.022156679846891	0	0.553322643907944	0.835397882274058
157772894	0.185098170734315	0.106561896090818	0.256881454837792	0.168074380199663	0	0.108939768539723	0.0565160391058409	0	0	0	0	0.046079730159979	0.016225442703595	0.00645076819368472	0.0250801263584126	0.00920563933927417	0.000457699702376064	0.0144288840345259	0	0.54345713966307	0.847487315255934
157772878	0.20874983201537	0.043280810196426	0.30226712217407	0.120710457307066	0	0.0970891601588426	0.0170792208266918	0	0	0.017517131807042	0	0.0708333315033417	0.0190716974975854	0.00756765654167702	0.0646557313921514	0.00837034248020216	0.00279581336444652	0.020011692735087	0	0.533622128001242	0.852484390725519
158158243	0.224442980925508	0.117682383624473	0.304709716511602	0.143119436984055	0	0.0908239859153702	0.0272683858690064	0.00100363066355081	0	0.00341968716237475	0.0131469066008966	0.0153599870911236	0.0165146434439374	0.00708015436760028	0.0149899341128851	0.00653641406298769	0	0.0139017526646293	0	0.570936395028319	0.834394401982068
157773036	0.164400530615498	0.217981602256213	0.261989934793388	0.144826615132951	0	0.0843801191244044	0.0474164436418093	0	0	0.00112562027856447	0.00867545087136106	0.0170210278869699	0.0172698385061958	0.00694759640339809	0.00589580281811374	0.00710055654197303	0	0.0149688611291603	0	0.55180169272049	0.841589590826333
157772942	0.160696857987335	0.137036687329768	0.376633843392284	0.0246410156973709	0	0.114906756873384	0.0337653929942562	0	0	0.00479053473134424	0.000405203329949616	0.0217451986831419	0.0159906431583364	0.00265370749049618	0.0211944663267221	0.0734947287621119	0	0.0120449632434993	0	0.540409444889063	0.847316264054541
157772922	0.0489972609193002	0.114044039550098	0.377713612013968	0.0165110437676159	0	0.10717363266008	0.0106506490271219	0	0	0.033656766307193	0	0.0650970928957028	0.0217463925493527	0.0096285429599153	0.0939237393657412	0.0668607931605729	0.000342877344926323	0.0336535574784116	0	0.518844070280274	0.856450405428464
157772970	0.182477581335389	0.182707780235253	0.311068859401077	0.0764097058809911	0	0.110607053961865	0.0330103523082927	0	0	0	0.00041994103315725	0.0516200443431744	0.0128662899158923	0.00260003323879808	0.0128069985866906	0.0081899261707404	0	0.0152154335886792	0	0.555062870021274	0.840777720502931
157773016	0.102275207532386	0.217424158476159	0.23508176159914	0.130213274743969	0	0.101525241130843	0.0389222290652421	0	0	0.00109899633865327	0	0.0621796182323205	0.0205241905410103	0.00604296951385233	0.00870975217103196	0.0599231911048018	0	0.0160794095505912	0	0.538774021226543	0.847726774103502
157773000	0.0580972166420309	0.248159900602346	0.252566345728286	0.14535719612669	0	0.104917722735577	0.0499014914468956	0	0	0.00168001990963331	0.00183040435765872	0.0414905767797252	0.0198563395008671	0.00736812018419141	0.0127193085830537	0.0417455629128438	0	0.0143097944902015	0	0.558143264696993	0.836571447310995
157772874	0.307711031008339	0.0806827760663035	0.243196016220894	0.106808599089	0	0.0948801439392426	0.0101045727911479	0	0	0.0176678432996122	0	0.0329024802899173	0.0129589487716835	0.00507809277657556	0.0470972579218584	0.0212413498289222	0.00380524409065976	0.0158656439058448	0	0.554209285577219	0.843099403947389
157773032	0.131662898291756	0.174077005581605	0.294262363018939	0.147509305921883	0	0.0995098903290713	0.0687933062909964	0	0	0.00186740623760515	0.00707516807615583	0.0337380043788203	0.0174847454782634	0.00629309932128105	0.00335806780773323	0	0	0.0143687392658896	0	0.580805204005168	0.826578241285892
157772998	0.0874167538179354	0.255197905667871	0.254696732204398	0.130596251010988	0	0.101278014708032	0.0371817241813454	0	0	0.00550099321528338	0	0.0472636793724216	0.0207653237076008	0.00682983125380792	0.0146221138296821	0.025126831115264	0	0.0135238459153704	0	0.553449766333164	0.839582598494328
157772856	0.049496890246656	0.386061390190994	0.231246401614126	0.0654001432023008	0	0.0750342843456394	0.00890811656484188	0	0	0.0255899945752436	0	0.0415381341741113	0.0209387584235942	0.00806383115141218	0.0125661106324508	0.0579011369884272	0	0.0172548078902031	0	0.548834105062349	0.839502424132247
157773030	0.0750701980268474	0.293464029689473	0.273009168538129	0.0750378877230672	0	0.0907154537603488	0.0376697176776006	0	0	0.00491786747507448	0.0246517689502711	0.0309743558268684	0.0190149018783773	0.00683994490197119	0.0160590656005584	0.0363798719396661	0	0.0161957680117474	0	0.550981898067888	0.839931008579927
157773014	0.0401538833538492	0.407831350241181	0.233363918416473	0.0405978781342655	0	0.0681188832687433	0.00695499497898143	0	0	0.0231514846269511	0	0.0272101092181611	0.0288064005645709	0.00957737002145437	0.0383796828041363	0.0469512180806623	0.00170054635704028	0.0272022799335294	0	0.541035428502548	0.843244293802059
158158211	0.218177343810379	0.22551340222138	0.312197922350172	0.00714681263878206	0	0.126029004259537	0.01340409051218	0	0	0.0105754334193482	0	0.01198551651724	0.0132520318797611	0.00203881835305716	0.0167476952047694	0.031434193352157	0	0.0114977354812371	0	0.562236955304126	0.836010996624666
157772872	0.133026257417401	0.241278647656521	0.211394372533952	0.127315258470111	0	0.100694056184273	0.0420834369713349	0	0	0.00318804852951109	0	0.0538129433034318	0.0176912230638538	0.0054014532033	0.0145457340748757	0.0321776455255317	0.000545433581791183	0.0168454894841116	0	0.544442149901892	0.844862932191771
157772952	0.263542643202427	0.165201023779527	0.206833231697031	0.0831073645666273	0	0.0769594773311584	0.0145002188820824	0	0	0.0180176927942864	0	0.0234482256174753	0.0153717193238662	0.00450436368204393	0.0499803015313075	0.0590523534608136	0.00293482137663268	0.0165465627547204	0	0.542861501109558	0.846177155611918
157772918	0.124347060076542	0.176494882092886	0.289778515729464	0.11780514210982	0	0.0950304920784122	0.0290683341313683	0	0	0.00616331056570051	0	0.0419948080939143	0.020575326357808	0.00649143255778675	0.0222662843846219	0.0521917545912069	0.000984580424826055	0.0168080768056441	0	0.542502968542432	0.84645116993386
157772884	0.10024659843998	0.18888396140189	0.354064696743929	0.0411210951935323	0	0.110622992081001	0.0159154298272407	0	0	0.0181273650553467	0	0.0364116625623995	0.0176636951493602	0.00477005836597208	0.0474379358292064	0.0512139552543313	0	0.0135205540958112	0	0.545577697150331	0.843672574395909
157772900	0.143910881015236	0.129831305989468	0.332829920898294	0.11981760531346	0	0.0864235960844591	0.0354355516080037	0	0	0.00470953679571409	0.00282532763478315	0.0310947138921566	0.0185369254456421	0.00652019815783995	0.0439219196199885	0.0272233223946842	0	0.0169191951502704	0	0.543527456808873	0.846180368666016
157772870	0.0942251053006331	0.351251398546642	0.27242317512762	0.023596841253122	0	0.0659236039957214	0.024938370258307	0.0275663043286169	0	0.0170665949238772	0.0172476706810891	0.0301446660973028	0.0227455510765874	0.00749570400125597	0.0292158907757452	0.00271495203375801	0	0.0134441715997216	0	0.567306442507558	0.830057535988204
157772914	0.127215703610017	0.189073101613227	0.302079487445866	0.132385656041333	0	0.0954695263955507	0.0423771986211975	0	0	0.000405621660233879	0.00835419271422598	0.0276927078248258	0.0186022516130598	0.0072625100156358	0.0228538869836291	0.0120789646093209	0	0.0141491908518783	0	0.562983700888538	0.835701197058288
157772994	0.135434463811442	0.12561588531156	0.362681998146352	0.109075888053133	0	0.0922711428124442	0.0541472676341484	0	0	0.00275214598279949	0.0202354451102231	0.0316613154894511	0.0184750510243275	0.00623952075999975	0.0167651789975912	0.0101816678242354	0	0.0144630290422926	0	0.5604123475351	0.838234150246221
157772962	0.1288445729829	0.186553289219814	0.286738771479781	0.131768811843211	0	0.0866808307354054	0.0660052515914062	0	0	0.00239344639779226	0.00820863392820263	0.0327828941593261	0.0166336951632542	0.00608928418136536	0.033297281545253	0	0	0.0140032367722892	0	0.547312291874795	0.843303934737119
157772946	0.117744697816843	0.145349452997748	0.330764028316018	0.122572349278744	0	0.0836531661965556	0.00157138034172967	0	0	0.00513413937076375	0	0.0524375982460909	0.0168944434146464	0.00591672763879469	0.0148329030489626	0.0793475017402605	0.0036342819615911	0.0201473296312516	0	0.540944307029511	0.847451116520013
157773026	0.118649175624911	0.088572685397186	0.349146690116763	0.143902480290259	0	0.0921936990323623	0.062167006449862	0	0	0	0	0.03968520657632	0.0172078046503984	0.00634720814654499	0.0334024544630281	0.0315107331002067	0	0.0172148561521578	0	0.555836623965507	0.840026617759611
158158289	0.0560911905155016	0.244912153070503	0.347853699562283	0.0917556747014638	0	0.0628284670760787	0.018748246158063	0	0	0.0168676323751417	0.0411748813373394	0.0127565011132994	0.0247909740813659	0.00528419494132833	0.00402243951756407	0.057205226906536	0	0.0157087186435319	0	0.54118038151899	0.845872969386747
158158273	0.0718385170946751	0.369688426043833	0.30207981875351	0.0121434128007343	0	0.102235874364567	0.0451347866559766	0	0	0.00643869401234296	0.0318910996876852	0.0130760386228026	0.0183674127101482	0.00303036266194519	0	0.0107087633636381	0	0.0133667932281419	0	0.547766639457493	0.840460749086094
158158241	0.0413688297966645	0.382316453576887	0.261619439816018	0.0982501191624858	0	0.0669630101449612	0.00573907857236071	0	0	0.017034176089717	0.0204458814980887	0.0260314561283977	0.0184141034855402	0.00570788497713984	0.0142612251277334	0.0242763308416493	0	0.0175720107823568	0	0.545331375336344	0.841731526702655
158158337	0.122043397432736	0.219324311175097	0.29584504117631	0.122205312977088	0	0.0879473994692461	0.0362777949153016	0	0	0.00645893861181998	0.0197474285871134	0.0167476879998583	0.019720060086559	0.00455922826576742	0.0118870362138314	0.0250893672896556	0	0.0121469957996165	0	0.513055440487694	0.861449918751834
158402942	0.0819068652057358	0.269484072656196	0.310735597110752	0.0520637552090955	0	0.0725890134308993	0.0148676709966621	0	0	0.015073578163856	0.00888295126347218	0.0212982403087974	0.02252524702811	0.00613015529631327	0.00296318879742564	0.104845842228284	0	0.0166338223044001	0	0.524089626972141	0.853804125228957
158158385	0	0.392443491517662	0.306898046652631	0.0791659347738897	0	0.107860449671238	0	0	0	0.0158182322639447	0.00859886861359167	0.0101672475384107	0.0201675867983449	0.000896880980147474	0	0.0499871441844922	0	0.00799611700564811	0	0.572079777843552	0.825700703738516
158158369	0.0356556114603106	0.248377471889497	0.453729127094789	0.0458757794660878	0	0.093673062951758	0.00623781120531214	0.0114894535795034	0	0.0141003810992134	0.0291087112512201	0.014218736526641	0.0195548163875401	0.000514546444635254	0	0.0159063246444209	0	0.0115581659990711	0	0.546062890312483	0.843387372689307
158158223	0.122754157569705	0.146729329359934	0.333427932806677	0.11871125596294	0	0.0818269476109745	0.0241241358326627	0	0	0.012911917135882	0.0286469917655621	0.0330011458393989	0.0243698739632907	0.00998612599974088	0.0196287672675759	0.0306177220397618	0	0.0132636968458941	0	0.541938761577846	0.847787674952659
158158397	0.0494314512931704	0.291882614997989	0.372848449925269	0.0285255878549374	0	0.124419750365958	0.0115876032528411	0	0	0.0104951036637142	0.0252066608980124	0.0240056071608063	0.0178855186553265	0.00396996187534317	0.00558611954447678	0.0205556164847579	0	0.0135999540273976	0	0.543887867622077	0.844030544465396
158158271	0.108931365713548	0.347261163470566	0.31024433567128	0.000387926680974577	0	0.106512451010741	0.020822696499287	0	0	0.0106373896490766	0.0199568442913639	0.0201048892696642	0.0161929195460932	0.00307620430937332	0.0131686304589531	0.00714235553797788	0	0.0155608278911014	0	0.551519682237577	0.839117826732323
158158331	0.0871649110277557	0.193625266928813	0.312612735845054	0.100355750388821	0	0.0894698645297913	0.0260119266583916	0	0	0.00715255269228953	0.0371107585476094	0.0283543121064085	0.0229617985003937	0.00646439153572373	0.0127567982904627	0.0604171691153058	0	0.0155417638331807	0	0.526229608391613	0.854546920454157
158158315	0.0668508519009232	0.323701622958398	0.244301619819704	0.116531015318832	0	0.0813731977148895	0.0317854207306373	0	0	0	0.0137339352544724	0.034391451939237	0.0182650261675568	0.00639634675346364	0.0151909714651746	0.0294724825953344	0.00019398626139384	0.0178120711199828	0	0.506726050715318	0.863471805748775
158158351	0.14113868673991	0.263549656408685	0.279001396707616	0.0789122114337562	0	0.0695013152124251	0.0062056621139076	0	0	0.0145642958990284	0.0147114165384822	0.0163817106094156	0.0199253711781055	0.00483373806453459	0.00399956903424554	0.0757751616046277	0	0.0114998084552606	0	0.544363017768078	0.843990831545684
158158335	0	0.269785927509163	0.405012345817109	0.134565924104355	0	0.0548502887247511	0	0	0	0.0108328004832101	0.0342385638287516	0.0101414906003688	0.0212501711829744	0.00495900703519307	0.00570170022467166	0.0366349074492995	0	0.0120268730401525	0	0.534969839978125	0.848581220832617
158158303	0.0163262449331098	0.301256097230391	0.438701005935724	0.0492092711924987	0	0.0895421155297523	0.0126526072412054	0.0102495450004352	0	0.0150706390658414	0.0314763216170608	0.00527379613613211	0.0211796108821131	0.000773240986181387	0	0	0	0.00828950424955424	0	0.548327115877031	0.841015830296563
158158225	0.151473119075189	0.243150923362995	0.26286955502062	0.129919425500944	0	0.0882865978474091	0.0248958395071164	0	0	0	0.0166834099423651	0.0227373077198655	0.0162433393297848	0.00477647331802345	0.0165673547518372	0.00900272492097487	0	0.0133939297028758	0	0.545358701292902	0.844557310564994
158158363	0.0515998073866617	0.470077220092727	0.253975108497054	0.018329026908431	0	0.0998270081373838	0.0164862887381879	0.00107100182204153	0	0.0209255383329021	0.012903458504232	0.00404626900457648	0.0217558526460516	0.00327099113522468	0	0.0130084972309182	0	0.012723931563608	0	0.550333453423713	0.837521899762049
158158347	0.0777905171288987	0.201306489842551	0.309079995945704	0.105033083264339	0	0.0859535284170599	0.0196036913354069	0	0	0.0163789147056784	0.0151996785746931	0.0308363357725858	0.0198341877448017	0.00621619331197231	0.0186436298081482	0.0755487600427925	0.000420632604175909	0.0181543615011923	0	0.522620291607404	0.855933198765182
158158285	0.101080399713273	0.23903464739513	0.313289567380775	0.0519948359006871	0	0.0814193035404434	0.00514285986540985	0	0	0.0128167443436283	0.00891721562515454	0.0271593602178305	0.0201758424806272	0.00515887250768994	0.010307242494889	0.109144738328083	0	0.0143583702063801	0	0.530137232641151	0.850811954634056
158158365	0.208618152947165	0.186363007587374	0.263650433364603	0.133636231381551	0	0.0804259130449845	0.0119065688235302	0	0	0.00429447178774523	0.0183519553310983	0.0251886574385911	0.0155748230550656	0.00483288918705364	0.00707810285944715	0.0302030317047858	0	0.00987576148700473	0	0.550411952976636	0.84356159440481
158402878	0.0140204606902422	0.406268287763131	0.250012040405295	0.107676401272041	0	0.100219357652141	0.0117157779136721	0.00260833171434844	0	0.0142661777364345	0.0190689391387364	0.0246307753072626	0.018038736445198	0.00149988248267824	0	0.0160482810506312	0	0.0139265504281875	0	0.551997077931528	0.837601542040952
158158265	0.0235700434532954	0.440122378245581	0.221587486914123	0.100284368033972	0	0.0848914772015216	0.00530155748865572	0	0	0.0114973663453786	0.0343513254367307	0.0233089762409667	0.0176792917290744	0.00458327442602575	0.00584205160228811	0.0152277669576367	0	0.0117526359247509	0	0.572841459018309	0.825013263548954
158158233	0.0848392752352426	0.28694789945048	0.253206340115635	0.0710530109237413	0	0.0828947981340736	0.00343244326081028	0	0	0.0221313802691881	0.0150594113400375	0.0310973346304202	0.0183377825715351	0.00618685483542166	0.0291542706582264	0.0694953479568492	0.00499684201744862	0.0211670086008904	0	0.516318092478735	0.85845733338867
158158329	0.0862888431380584	0.254053421058647	0.282300874860557	0.0785450375317849	0	0.0760163786035897	0.0133972279127987	0	0	0.0182305842872317	0.00449741711347942	0.0373259987761014	0.0222382678530563	0.00777236364976454	0.024140778584753	0.0679247594761703	0.00379467449095296	0.0234733726630544	0	0.524461146877333	0.854508019221695
158158345	0.0822196558630188	0.32588620871605	0.226473064860032	0.13227874302491	0	0.0959691255279498	0.0122116287780344	0	0	0	0.0174005766993159	0.0291732897572229	0.015663303356141	0.00615576708422726	0.00863497727703719	0.0314225189896896	0.00317792867775915	0.0133332113886123	0	0.557744224339645	0.836115959701413
158158235	0.190984338229405	0.170314434942762	0.285958766840048	0.130203132120693	0	0.0908602179712913	0.0168166574254789	0	0	0.00256216408789402	0.00664811368381102	0.0328028159143782	0.018436312335157	0.00516072609155234	0	0.0387634278778801	0	0.0104888924796493	0	0.531950638373382	0.853056186285278
158158251	0.169083312111058	0.124890298023343	0.313467758604275	0.0942796294403225	0	0.0918476510032554	0.040050345526922	0	0	0	0.0037805272569876	0.0384384047565581	0.0179000009229907	0.00674705777753165	0.0125997633915063	0.0713388883847406	4.34197390860402e-05	0.0155329430614229	0	0.5197312952388	0.858598963026706
158158263	0.0742040040187314	0.224863500195787	0.283702053189552	0.136885386388294	0	0.101440944535326	0.00940572464475087	0	0	0	0.00983187755567412	0.0422506139912946	0.0176423066471364	0.00629697470807899	0.0138020905783775	0.060912810390651	0.0029806349565329	0.0157810781998135	0	0.537235681339874	0.848389261321981
158158327	0.212004845022803	0.173950517659775	0.247460179890751	0.0996137092433209	0	0.0923542776457508	0.0312114502422308	0	0	0.00211092409538408	0	0.0354841215731792	0.0171092392577116	0.00544742223703503	0.0227387994559684	0.0438556556942969	0.00167976191569731	0.0149790960660961	0	0.525583338580238	0.855731649207384
157773024	0	0.417372420516459	0.132824477304178	0.178163829924759	0	0.0647827784289423	0	0	0	0.0137060765144181	0.00484506003927147	0.0345365584834566	0.0197743667462033	0.00466881260296285	0.0210940708664058	0.0913251275245255	0	0.016906421048417	0	0.531670357421425	0.848083492174595
158158387	0.00150055277835338	0.457065386152099	0.230890658150839	0.0827273044051012	0	0.0845019807633868	0.010656559834911	0.00138910342794644	0	0.0039963240908816	0.0408637313519247	0.0191328498313528	0.0187146524706681	0.00591656618680359	0.00887279587251918	0.0205933508615801	0	0.0131781838216338	0	0.563376517368347	0.829937829175558
158158355	0	0.360215244298682	0.224421083917244	0.147493402001499	0	0.0721827830443525	0.00937507102613061	0	0	0.0142235991313674	0.0283718265851775	0.0286974395247764	0.0221633132444864	0.00647774615755931	0.0109012072838091	0.0592068352560363	0	0.0162704485288799	0	0.534004835483335	0.847960335045031
158158339	0	0.406221504375668	0.188256220369036	0.16238628540701	0	0.0528845011163396	0.0126816364782503	0	0	0.0156507178410507	0.012995332364717	0.0323989627319309	0.0228188612151881	0.00577051003486381	0.0208909343281019	0.0523711437097503	0	0.0146733900280939	0	0.546487017328473	0.840148930575376
158158229	0.0827249928718213	0.28476584904313	0.289209097247243	0.0469984813157098	0	0.0657984416630508	0.0151217622034275	0	0	0.0145588294094354	0.018201912749821	0.0269273193731963	0.0230161487733882	0.00603456516950138	0.00297563688822966	0.102807815878388	0	0.0208591474136578	0	0.522256538958117	0.854750905071167
158158213	0	0.413051892366185	0.204003690905695	0.131954773903101	0	0.0679643793400829	0.0050765375067732	0	0	0.00959326852537859	0.00150908705819952	0.0378463864112706	0.0248787298320125	0.00519653135622607	0	0.0798119443338444	0	0.0191127784612311	0	0.536705836832499	0.845506528653579
158158325	0.152784103992037	0.137826307628153	0.313232976674127	0.10925310143379	0	0.0811157401522448	0.0361951655835107	0	0	0.00251731141451704	0.00697805326104408	0.0358853118650945	0.0191736224042482	0.006822531231521	0.0178207847140933	0.0634295454479502	1.29509337677759e-05	0.0169524932639017	0	0.53611163917737	0.850151694758202
158158309	0.146077627011044	0.172521085198981	0.255597501671372	0.0908194892508195	0	0.0849373483384672	0.0122891714759915	0	0	0.0114909169930385	0	0.0384718983498748	0.0193296679238903	0.00659991442561276	0.0401114993246854	0.0861318959833	0.0128753715666251	0.0227466124862978	0	0.510280064607111	0.862376860743229
158158261	0.16165244799004	0.187024429533137	0.286863494772999	0.0940886043594446	0	0.0801449324260475	0.0352971460040265	0	0	0.00939548180599148	0.0129627898696048	0.0295130507400185	0.0196290058115046	0.00594749192936027	0.0107279624392503	0.0519530824055951	0	0.0148000799129801	0	0.53148533535512	0.852351807664896
157773022	0.0140480850117994	0.482251807341044	0.189961196275111	0.0997874388861615	0	0.086290163703323	0.00292458284637179	0	0	0.0172252592542214	0	0.0256821339770005	0.0203609854606339	0.00617692472049479	0.019439116788903	0.0216604124546022	0.00190042176574903	0.0122914715145843	0	0.551411995606527	0.836535593014912
157772960	0.152720962299081	0.116279299307784	0.32408813060687	0.133822113178348	0	0.105220426200715	0.0450611013263179	0	0	0.000863794740087404	0	0.0487132441624706	0.0193956789681659	0.00723054285905963	0.00710616742701728	0.0239252635817478	0	0.0155732753423361	0	0.52642773135224	0.856179330527219
157772992	0.151011829149748	0.170111284491235	0.2834625693806	0.0894146790566978	0	0.0804049894722494	0.0161502586936896	0	0	0.0239904615846944	0	0.0420931460647571	0.0183488123242821	0.00772385795669875	0.0391741520828401	0.0480801734731073	0.00913549500751802	0.0208982912618822	0	0.529003653515964	0.853616854494351
157772892	0.0893554571653204	0.257784614280652	0.265426386091539	0.0730240341773994	0	0.0853206532030441	0.0264400340628554	0	0	0.0103571508562379	0.0143099801478895	0.0354779574746346	0.0225307425031886	0.00602533742607144	0.0294966631419975	0.0648445552608983	0.0019471746557925	0.0176592595524793	0	0.528081981912005	0.852347080652975
157772862	0.22823741829981	0.0869565744113679	0.310920688157332	0.0943095522143658	0	0.0869476111537814	0.0380459205485353	0	0	0.0131587350025887	0	0.0228155457899595	0.018135223056947	0.00557768150987374	0.0246323906477076	0.049177048180389	0.00441823907097361	0.0166673719563686	0	0.525505781601485	0.856804299670046
157772974	0.161651192723686	0.217689263663773	0.233720555738208	0.0539644436812659	0	0.0683664013056267	0.0156347933392626	0	0	0.0141508889458584	0	0.0308875593594851	0.0178036235027382	0.00491133923356369	0.0278705168303806	0.136037579335294	0.00220144069991421	0.0151104016409432	0	0.526935652150357	0.851892105753447
157772926	0.230833583147895	0.137044118740336	0.253643987282206	0.0654901289637806	0	0.0653434015710377	0.0146222764587614	0	0	0.0160172334539728	0	0.0365965121366628	0.0177178874086709	0.00526105424096066	0.0295256864475091	0.106944651246547	0.0043672519889723	0.0165922269126864	0	0.523081420649284	0.855943404546997
157772982	0.0897274620939851	0.386228856112233	0.218020358828237	0.0949684409613905	0	0.078874493313409	0.0252667059572862	0	0	0.0202637084533816	0.00173962426838193	0.0134881543982976	0.0189795010279791	0.00600234122991431	0.0223259638134218	0.0121510988369715	0.000128823909061044	0.01183446679605	0	0.560728928008623	0.832945648789034
157772904	0.237106963492201	0.193816011434151	0.238420299194457	0.110210171078961	0	0.081921825334108	0.0117583023822202	0	0	0.0184464408384971	0	0.0189444553655187	0.0170564347730197	0.00404424359754815	0.010695656958274	0.0442728647964781	0.00146103985218246	0.0118452909023835	0	0.525514596566299	0.856050065117985
157772888	0.179705390117279	0.199926275998423	0.263003754650178	0.144635575680577	0	0.0810782446302712	0.0153653268416922	0	0	0.0131755402057669	0.000456384989998189	0.0129590734436619	0.0169841162755369	0.0043647758692952	0.0143579751819968	0.0364512320801162	0.00441281621734838	0.013123517817859	0	0.557838523250932	0.838978007792779
157772984	0.16438858238828	0.0687377351506387	0.294009267041954	0.103894212671691	0	0.097828327586532	0.0153553102674613	0	0	0.0274811219479	0	0.0516884356842015	0.0215674771415431	0.0108852346220324	0.110737583493928	0.00951726842893871	0.00119864618740382	0.0227107973874957	0	0.550967734426331	0.839746612678211
157772936	0.287788685159021	0.130191925503548	0.214119921061249	0.113386601872422	0	0.077784392578161	0.048440789550404	0	0	0.0182475645448443	0	0.0046227116153733	0.0161205549996837	0.0053180809559569	0.0663726048482228	0	0.00173796914240243	0.0158681981687119	0	0.53852094288723	0.848575428512988
158402846	0.0739177733740473	0.419357201707957	0.19982071107285	0.0671791481037476	0	0.0752389223178547	0.0212286782889237	0	0	0.0212689413706513	0	0.0171326101113635	0.020637734660158	0.00676711386678553	0.0295780977512446	0.0297483084921204	0.00207718440610045	0.0160475744761958	0	0.545094574756438	0.841068864272159
157772916	0.0644389302244209	0.318644340559543	0.260549041529613	0.145627438964106	0	0.0953991600173406	0.00774902441839609	0	0	0.00595431631343323	0.00900519322489459	0.0272736584921346	0.019297997196105	0.00592533727547196	0.0164660892487286	0.0115663253788013	0	0.0121031471570115	0	0.568722372351324	0.830030465435785
157772996	0.177611301938244	0.0752211413874517	0.336977102034044	0.136424113016919	0	0.0822849389069867	0.0363363536824132	0	0	0.00784987025725333	0	0.0510776039533469	0.0190772995262851	0.00768829543279511	0.0371842234898382	0.00687582923236768	0.00652322894838345	0.0188686981936716	0	0.543203575014113	0.848085022331478
157772964	0.0513188701045679	0.26833605809104	0.282708516003136	0.0687363909687296	0	0.0716502636857665	0.00071648902298096	0.0001900386904311	0	0.011302747444124	0	0.0282276303268754	0.0247449500295605	0.00635537197282477	0.00714527769054817	0.15973987294813	0	0.0188275230212851	0	0.5204786299186	0.854533626783579
157772948	0.152719429070857	0.219486265367076	0.237422414932984	0.156901395755716	0	0.0806631419404838	0.0142895735151452	0	0	0.00163184576808134	0	0.0521467269084497	0.0169506474755826	0.0048966183762375	0.0163638530270729	0.0307256754467152	0.00112225628442369	0.014680156131175	0	0.534960919356366	0.850496882645105
157772854	0.0796986560103728	0.363744739945278	0.249447200687562	0.0410415377635736	0	0.0753576019702488	0.0284642827078715	0	0	0.0216199018616237	0	0.0212024460061712	0.0236257058303881	0.0101004750615122	0.010809032174905	0.0590781190917891	0	0.0158103008887048	0	0.544681952352891	0.842036765192396
157772898	0.105396447353324	0.157237314426303	0.343326527821091	0.0994120251966124	0	0.0932846639662152	0.0179308804515	0	0	0.0108705265937109	0.00161351950455866	0.0370559991821165	0.0201826745673843	0.0052035010560139	0.0549123119126429	0.0387059280189616	0	0.0148676799495664	0	0.555035630384216	0.839053726991815
157772882	0.142428311381158	0.161148711545995	0.410008261671488	0.0163254930070521	0	0.120084328892019	0.0349112894337455	0	0	0.00772983193693776	0.00302423763064575	0.0125751118984811	0.0164353953707691	0.00326006809000679	0.037404766139801	0.0249587443638717	0	0.00970544863802909	0	0.564048355308368	0.834787642142851
157772866	0.135810939997875	0.159021703502007	0.348015912999505	0.109835754650889	0	0.0848402392072996	0.0283402343467999	0	0	0.0122023058740954	0.0142991226800371	0.0214799539968938	0.0187041060926054	0.00586623640373709	0.0426906667551174	0.00266348462928342	0	0.0162293388638544	0	0.559554231786456	0.837724407386585
157772978	0.169433710384157	0.0766376912462502	0.354572623613154	0.145642879091245	0	0.0945345594836254	0.0536092747299096	0	0	0.00270842913284429	0.0025374250651798	0.0394233310499757	0.0169951727348941	0.00544336560239075	0.0252396494462891	0	0	0.013221888420085	0	0.557587302402091	0.840548913913808
157772930	0.13231389045806	0.107685327745162	0.314464862607177	0.141483564253402	0	0.0752349875384819	0.0577717615902982	0	0	0	0	0.040839937887404	0.0184639637901065	0.00748245094495122	0.0422930004123719	0.0435346561989297	6.37752936928263e-05	0.0183678212799632	0	0.519201492141078	0.858396177367984
157773010	0.151766289900412	0.0704100794946517	0.373840824443502	0.11015962774098	0	0.0646396528055053	0.0468473483233012	0	0	0.00242424214434658	0	0.0487032616719854	0.0182872263932693	0.00481061517643595	0.0371851831959308	0.0550797421319038	0	0.0158459065777765	0	0.534298159150592	0.851180565173334
159226125	0.211592834944166	0.171195751705117	0.259577418415373	0.100747785821842	0	0.0765147299822836	0.0193948007242125	0.00631141224071361	0	0.0126610421554512	0	0.0351291663546283	0.0160879470514415	0.00526502073528711	0.0576641319352837	0.013366572473275	0	0.014491385460926	0	0.516113929525469	0.85999365242533
158158267	0.12241651968402	0.288926103745528	0.208238317493817	0.156227772645564	0	0.0976260293036804	0.015918233404493	0	0	0	0.00104641397178884	0.0408779588288716	0.0153857130200915	0.00486483239387676	0.0112220173179992	0.024318098314712	0.000539227785916628	0.0123927620896407	0	0.522340268583986	0.855975149952566
158158307	0.0660579825584731	0.380345390677896	0.22757981559133	0.0925007403127341	0	0.0856052374121832	0.013067598472543	0	0	0.0154653471089362	0.0140305646855622	0.031467677797258	0.0184285511261804	0.00885978552198288	0.0285893275666495	0.00118507248064062	0	0.0168169086876299	0	0.524394627679809	0.853417673620355
157773002	0.184413730226556	0.12139603350252	0.284480205085685	0.172985684550501	0	0.0871187453495454	0.00831501787865408	0	0	0.000524404543271765	0	0.0618716239928316	0.0121302274406185	0.00518948717889641	0.025376412929773	0.0221070977837041	0.00114931987731528	0.0129420096601287	0	0.510865562894341	0.864135916553404
157772906	0.336320394730026	0.102504983655123	0.239295183598774	0.0797318039944819	0	0.0797917868674607	0.0266914738015987	0	0	0.026294396859564	0	0.0220159598032866	0.0147639987861642	0.00467602519529404	0.0411076039921291	0.00735966907281959	0.00217671184892651	0.017270007794351	0	0.498167418253749	0.870763121801847
158158353	0.0362723996514055	0.365144344217539	0.254866792352714	0.0770476270329415	0	0.0618514360850515	0.00289331273879846	0	0	0.0149033736985669	0.011482540375311	0.0240344452690469	0.0185802478282539	0.00518627858984114	0.00836998962539616	0.104703204844621	0	0.0146640076905134	0	0.530176542999089	0.849300126888236
158158321	0.0664035286303564	0.342470759557377	0.277572042592016	0.104867543743357	0	0.0768022035958076	0.00961593114632969	0.0118333398325815	0	0.0128517778740753	0.0229210001537598	0.00866425891356266	0.0152694972723109	0.00445172661190297	0.0249686920746406	0.0109400666130735	0	0.0103676313888499	0	0.551456074189902	0.838880411332193
158402910	0.1250007857475	0.243343887056497	0.291276703907421	0.0883726772142861	0	0.0780619830193776	0.0437419366017281	0	0	0	0.0331593552194401	0.0265996489058225	0.0191551030877362	0.00413296690660235	0.0155915240906079	0.0179640454593504	0	0.0135993827836316	0	0.550876762116254	0.841213524824511
158158239	0.071226232165093	0.268209201292615	0.292988645902404	0.101664151707026	0	0.0807353161355282	0.00942275499359159	0	0	0.0152160052098547	0.0211277607038916	0.0228544750919008	0.0201538682460715	0.00548524999833599	0.0205254656121157	0.0545616591626924	0	0.0158292137788797	0	0.52942065001064	0.851849819976138
158158299	0.0614519939947856	0.282969501804436	0.272353707841186	0.113196371776879	0	0.0800486587902711	0.013417815370634	0	0	0.0110041143190961	0.0254020310313549	0.0277667840629215	0.0167256887781588	0.00713049816786775	0.0174527984962889	0.049258174292308	0	0.0218218612738126	0	0.512464077324319	0.860778329114004
158158287	0.138918761267485	0.262129879884375	0.360420602453055	0.0277995714207472	0	0.105619043893831	0.0192662198112039	0.00778549436953851	0	0.0134147846898038	0.0139906547517792	0.00575576072324561	0.0179597215080882	0.00263993705996303	0.00843573092896846	0.00521803002483356	0	0.0106458072130825	0	0.546310291042183	0.843612864392325
158158383	0.0629017809773223	0.236232922087053	0.35131023276874	0.112378681700398	0	0.0822551499771034	0.0265889065689797	0.0189804108032795	0	0	0.0433398408989572	0.0212557555644975	0.0168287685924469	0.00496073651246947	0.0110976808380388	0	0	0.0118691327107144	0	0.570325479075761	0.830856816476371
158158399	0.132425377041698	0.226188384973573	0.295067006542812	0.087452453282044	0	0.0718157068644831	0	0.0120461215999617	0	0.00979365070249183	0.0192958311384768	0.0296622436501794	0.0206944327365	0.0031511306862771	0.0175567864032451	0.0635550357145214	0	0.0112958386637366	0	0.535405162461857	0.849484074140572
158158253	0.0427603822444243	0.291380421439933	0.319725814613152	0.0682464766036009	0	0.0634544871563191	0	0.0108698964953113	0	0.0112794226785898	0.0181014210095398	0.0410685308853342	0.0208954236559446	0.00445054427350925	0.00934295138432397	0.0867214833019743	0	0.0117027442580427	0	0.524415873843692	0.85363259389808
158158237	0.136822765049507	0.267006241158092	0.241049443600105	0.131973119014947	0	0.0894227340184806	0.00818732860516075	0.00810740959729604	0	0.000596031580795753	0.0201824196922542	0.0292241530485664	0.0156405144856626	0.00443272484914038	0.0168721785760295	0.0168251137441413	0.00219798672926597	0.0114598362505557	0	0.54169002839771	0.846241550643804
158158395	0	0.389073673848202	0.285910475265236	0.0577291984710816	0	0.0572379919216119	0	0	0	0.017209128998186	0.00602926018914422	0.0312066626886361	0.0234583989212905	0.00542498236682854	0.00642329437569217	0.101008663135399	0.000996387460327357	0.0182918823583647	0	0.530531140935068	0.848830945700705
158158269	0.120984373700418	0.270207027793673	0.251749454127785	0.1246191469492	0	0.0918713903982742	0.0174240507751751	0.00106325897179004	0	0	0.00967547309523344	0.0381334036022413	0.0180968302598105	0.00553503809907173	0.0195120996828488	0.0172689206851454	0	0.0138595318593338	0	0.546954077517012	0.84309505053072
158158317	0.108894263960156	0.256888854166211	0.266733482751298	0.0775993749630496	0	0.0700938797914474	0.00390499204461851	0.00474839981545463	0	0.0127793516923244	0	0.0271290681822874	0.0182246944550838	0.00467977993211361	0.0284272739440879	0.103524928015305	0	0.0163716562865621	0	0.524973072603805	0.85329535501239
158158333	0.14179660988228	0.254054633373408	0.259652985100948	0.0655619664360323	0	0.066754568452813	0.0108649196866268	0	0	0.0178769019843069	0	0.0265135811601988	0.0182922810967993	0.00548582186078223	0.034855266650218	0.0792105155067987	0.00428276198333871	0.0147971868254495	0	0.527951821146686	0.852283709600714
158158281	0.1360518473975	0.205553554931773	0.321618349901354	0.0343820166298257	0	0.112756251544545	0.0288807869324631	0.0262923299765678	0	0.00930088808279665	0.0111844368176988	0.0276801786203674	0.0181364316578907	0.00255000435109932	0.0447551823573283	0.00361956028248749	0	0.0172381805163032	0	0.528395677250526	0.853276064918417
158158313	0.101434353483161	0.286730675670917	0.280788885214691	0.11157517938062	0	0.0950045852421849	0.0166429836140555	0	0	0.00192126729455189	0.0200184306042644	0.0138854468513481	0.0178009820465524	0.00560689153705189	0.0224337556674299	0.0104758806356932	0	0.0156806827574784	0	0.550231707278885	0.840783804128421
158158373	0	0.292942627827267	0.26531368302603	0.165528125471504	0	0.0809317996203933	0	0.0111786125464446	0	0.00566885483155304	0.0156892014582809	0.0533543354354082	0.0213286353258668	0.00535556128189722	0.01527378833415	0.0512662098787599	0	0.016168564962446	0	0.536904858980538	0.847415545040586
158158357	0	0.486368799165147	0.136565172310862	0.143782739987691	0	0.0575043673431409	0.00990884586069357	0	0	0.0179325743192646	0.00813642159542462	0.0194129437757344	0.0253612416658797	0.00951403007860725	0.0381286769523622	0.0260739320754939	0	0.0213102548696992	0	0.533509149389999	0.846699468218238
158158247	0.129241315858097	0.317034719100682	0.201812653191077	0.0808220523843417	0	0.0639350740748948	0.0149255187715759	0.019166661518759	0	0.00559587694027842	0	0.0251320026477562	0.0187338968738964	0.00459879762095911	0.0353186857415584	0.0675353413958003	0.000285144564960256	0.0158622593153628	0	0.527902587819902	0.851609710833723
158158343	0.233687283838851	0.16027451938209	0.313100631576145	0.0554956885520069	0	0.112990614614256	0.0123984489625982	0.00278067613889515	0	0.000321305180023794	0	0.0277389639650275	0.0144739735437231	0.00283353783898638	0.0360414974893445	0.0131327059528708	0	0.0147301529651812	0	0.532271115407328	0.85260248131879
158158311	0.109790583168883	0.222606534334355	0.271176377731117	0.0860679637093154	0	0.0850457614435481	0.0103307495373377	0	0	0.0161466449266798	0	0.044955104207835	0.0192082556655344	0.00989085221407593	0.0702027094756371	0.0293172141806339	0.00289415880699792	0.0223670905980499	0	0.535523751603468	0.848267657968704
158158391	0.180985518738687	0.175159971445701	0.28479319141817	0.0983359264450154	0	0.0908571741001782	0.01195331964532	0	0	0.0151718209776639	0	0.0345760995144124	0.0183454391726489	0.00590913712784233	0.0219687298516563	0.046308430076925	0.00272694127266315	0.0129083002131161	0	0.538227789703115	0.849364828333656
158158375	0.129646113454872	0.192806874563278	0.283053228269904	0.0871189591326569	0	0.0930944892540082	0.0296815089651007	0	0	0	0.0027839996620905	0.0212556991553375	0.0204030291510856	0.00499068912477512	0.0227653028154517	0.0972321878959515	0	0.0151679185554881	0	0.539684458010214	0.846269751192854
158158359	0.115569430051697	0.378557674365387	0.229522764908413	0.0750080311820821	0	0.071234358239409	0.0338574570658843	0	0	0.00643299623454465	0.0392331247811674	0.00278910843615491	0.0178984119757377	0.00431279275714262	0.00611256094578507	0.00856049763517588	0	0.0109107914214195	0	0.554087099965954	0.837082119479269
158158291	0.137281190915738	0.141821891235399	0.315177518982965	0.0877001630231206	0	0.0894634306925373	0.0223512703640567	0	0	0.0214158406392889	0.00156878561065051	0.0424685213080112	0.0205163696622503	0.00805771012676158	0.0427678752206086	0.0481584739161266	0.00162344226074572	0.0196275160417398	0	0.532302180189911	0.851895429811847
158158323	0	0.496414433676548	0.154736721008719	0.121873609491066	0	0.0496445711130515	0.0102350835967421	0.00814377193750309	0	0.00959461328780995	0.0377559330509994	0.0206768762479492	0.0242058033026556	0.00448939276780574	0.0147929191930574	0.0342973215814479	0	0.0131389497446454	0	0.563780127173645	0.828910210737793
158158293	0.186921754719734	0.143681336299908	0.296126264035655	0.111156173854775	0	0.0869261338284515	0.0242176708198984	0	0	0.00832316120947518	0.00166521443632367	0.0322751624839086	0.0150950803611436	0.00929056361923685	0.0553309900878181	0.00808669278289437	0.00109320403756648	0.0198105974232121	0	0.540022786263413	0.847983476009784
158158277	0.155098684773449	0.0975181597537521	0.336320130441149	0.108654530160264	0	0.0755144401771186	0.0380001906146269	0	0	0.0213731162629381	0	0.0467601215010613	0.0195814818340762	0.0128178471929397	0.0514707414586309	0.0138063988187273	0.00526345705699861	0.0178206999542685	0	0.550369071067257	0.843148624971594
157772990	0.0298375594554027	0.451943849925871	0.185048103675301	0.081361578310664	0	0.0576047956431131	0.00930175917582413	0	0	0.0214082741392864	0	0.0266146075084146	0.0186046502201566	0.00585746208645564	0.0237890325814914	0.0714678976720305	0.00266296293748491	0.0144974666685041	0	0.553942004621545	0.834936500450684
157772880	0	0.349070395739066	0.265944102542662	0.102320512679361	0	0.080378610540399	0.000187343729152908	0.00269574693672859	0	0.00897727309113832	0.0210769421501076	0.0417812370784266	0.0187659134544375	0.0086628574968878	0.0216175777616851	0.0567549616943348	0.00111083119305285	0.0206556939125603	0	0.531744861736148	0.849263601720471
157772976	0.0664308566924842	0.249397768549325	0.290327867555984	0.146225284993633	0	0.0765518934967684	0.0050614501045803	0.0170803782790748	0	0.00564213892122164	0.0366567290269216	0.0228212158235718	0.0234128139843146	0.00419532572617591	0.0134457510291609	0.0281618793714786	0	0.0145886464453044	0	0.561422767840062	0.835732530025157
157772928	0.0627047087289538	0.263397337802739	0.347680256212733	0.0704916250064141	0	0.0858413254210031	0.00557688677866831	0.00636195853338551	0	0.00827565269959189	0.0408549751593568	0.012301198571385	0.0222719302793021	0.00447171665479479	0.00892196232840207	0.0464836345130111	0	0.0143648313102595	0	0.545234008208369	0.843648076786581
157772896	0.0221828771771122	0.317575487976188	0.230890352065966	0.11680445737991	0	0.0864982170702831	0.00998602034872388	0.00685857883687945	0	0	0.00129384175157223	0.0754286591378366	0.0165001511464655	0.00424237746542626	0.0120073806316646	0.0834490324310138	0	0.0162825665809584	0	0.535506824719864	0.847283763028699
157773008	0.185587245689146	0.196105771897615	0.309805204542673	0.0244954015548018	0	0.128008283945389	0.0252138113502932	0	0	0.00272939395558141	0.0053355903045649	0.0357012863794331	0.0130684032900845	0.00294556137706323	0.0236379757177512	0.0303589837602555	0	0.0170070862353475	0	0.525370149121614	0.855521117527372
157772988	0.0671743314678202	0.268289182941402	0.27635695510315	0.107753322275077	0	0.0833292293638126	0.0521673245792967	0	0	0.00214371015752981	0.00488340179285944	0.0267866693859144	0.0216464925842782	0.00649397236369064	0.0128600391729647	0.0513723543269174	0	0.0187430144852875	0	0.529103952387939	0.851685292221911
157772956	0	0.48213256633774	0.176556597567421	0.0927980780197091	0	0.0742722826940153	0	0	0	0.0216295187987642	0	0.0351048892261335	0.0218534348703733	0.00669395266202842	0.0241165551539369	0.0460407049276737	0	0.0188014197422054	0	0.563311774598524	0.82930813696271
157772940	0.0732520260943432	0.3309421161712	0.214010769737662	0.119008548057665	0	0.0805727057993874	0.0310684315789213	0	0	0.00195448909849895	0.0103046592289867	0.0351571302509449	0.0225669720340957	0.00577961427325793	0.0167435115133841	0.0424148295450739	0	0.0162241966165786	0	0.524812193302339	0.853587011381835
157773020	0.0838159137379272	0.264535175941269	0.266138507557645	0.11976201792959	0	0.0770496278064107	0.00919335652077257	0	0	0.0135378553993533	0.000275770047071136	0.0429816702201379	0.0190375076040837	0.00594283280163017	0.0184883867510168	0.0613127157743267	0	0.0179286619087655	0	0.532808537006151	0.850104709206831
157773004	0.111836328862351	0.288812712233753	0.25246326269225	0.103214253271112	0	0.0969485947372815	0.0310526948039005	0.0025125066457969	0	0	0.00348201553340983	0.0394781369889755	0.0173341844814573	0.00475709749794732	0.00747298394436814	0.0293339046578779	0	0.0113013236495201	0	0.545381038565846	0.843449587706698
157772958	0.247714176730995	0.246413536094489	0.195670087085092	0.0902951756096806	0	0.0723500797474103	0.0273175016490945	0	0	0.0228492447632526	0.00280773917858765	0.00344048934297554	0.0129395918762825	0.00520352712684914	0.0482953080416091	0.00889132952495531	0.00299589532737418	0.0128163179013517	0	0.545153006836341	0.844166293977822
158402862	0.234379033228396	0.308899866080225	0.177866911891078	0.0655322101016831	0	0.0737238664420772	0.024253248453896	0	0	0.0233497822714595	0.000437555714310208	0.00249534934081844	0.0123033126286163	0.00599509352955975	0.0466943997705522	0.00782719808406995	0.00285020282670883	0.0133919696365495	0	0.554450532526354	0.838010020720098
157772910	0.218122545252584	0.205881764620172	0.230986395489083	0.109108698379606	0	0.0782382867945011	0.0416784192215488	0	0	0.00767351167775268	0.00221011482298884	0.02083004072116	0.0152053789138288	0.00508931296335596	0.0371563668911752	0.0134358191519963	0.00059111903049356	0.0137922260697542	0	0.536130232639102	0.849607740857227
158158227	0.0413820756781695	0.0933743334034004	0.396723197511728	0.0293013678280427	0	0.115764532766507	0.00897728791808584	0	0	0.0280098480778377	0	0.0609708366230789	0.0231648300508787	0.00958395040579823	0.095487781701403	0.0661177801900882	0.00376158150504043	0.0273805963399417	0	0.516743398198028	0.85764137320348
157772986	0.194876648071422	0.0689420507460741	0.387195003728771	0.0684183222913187	0	0.101066214457018	0.0148068143444585	0	0	0.0101605394901833	0	0.0373908474266275	0.0148409691651278	0.0031584237897861	0.0504744266857272	0.0325046014328116	0	0.0161651383706742	0	0.53543859616236	0.851290851983337
157772890	0.266692088997104	0.12373214066455	0.325013212239691	5.00357411557917e-05	0	0.125000330333444	0.0343834787256802	0	0	0.0132596172256691	0	0.0169388380767171	0.0177156797865563	0.00538889831062602	0.045079639118089	0.00214936496746729	0.00462599892926802	0.0199706768839812	0	0.536214978859763	0.850946735401595
157772858	0.166208023446165	0.0993472056981873	0.309499281364504	0.164747034474082	0	0.0933669694097392	0.0678255682980872	0	0	0.000565138731040325	0.00425820749260159	0.0396279289471382	0.0167083802583798	0.00459352686483886	0	0.0215116663667596	0	0.0117410686484768	0	0.521894652755755	0.858421457335977
157772966	0.0649110891287355	0.260005010412786	0.311028134134785	0.0942967701579174	0	0.0961324591378245	0.0348070123995595	0	0	0.00886576958908203	0.0161160583086189	0.0332151527717481	0.0210037406289251	0.0100855202630327	0.0100072435498934	0.0258658536302954	0	0.0136601858867972	0	0.59253657935439	0.818097042429923
157772920	0.175022784508345	0.0510506586550742	0.292939165360421	0.137210114628475	0	0.134446444861255	0.0381464026464089	0	0	0.000619414398002058	0	0.0627048058031088	0.0181797170566504	0.00643417123784421	0.0262318509276131	0.0357011195703635	0.00399698071608811	0.0173163696303521	0	0.524301161617204	0.857819162698419
157772902	0.0775202419835469	0.370065025776792	0.246351177315582	0.076634330717632	0	0.072036047802928	0.0186064117698365	0	0	0.0235395942769734	0	0.01712117305997	0.0204040900379238	0.00693700205246391	0.0314582552179131	0.023384141242006	0.00129371377241646	0.0146487949740168	0	0.559916134515545	0.833483471330612
157772886	0.0415025599055223	0.396793761574096	0.210444696217732	0.0982117670065332	0	0.0749441401312154	0.0172846109508862	0	0	0.0053458574080666	0	0.0444546196158691	0.0198593309840185	0.00577473324727339	0.0247378892901775	0.046394799792972	0	0.0142512338756382	0	0.531438684242096	0.84890063132077
157772950	0	0.495249250893538	0.22786493470868	0.0729815353871888	0	0.0806358264933847	0	0	0	0.015154714177459	0.00389390770426812	0.032387669682916	0.0200908250638582	0.00608524925093245	0.0126714430278898	0.0181373680405997	0	0.0148472755692856	0	0.579355491717873	0.819660382118438
157772934	0.0954159095946849	0.252889206580793	0.26323058345964	0.0959231359827255	0	0.066864934878456	0.0167741272747876	0	0	0.0136484529590199	0	0.0345819185497098	0.0179354642403409	0.00537351728448386	0.049578098329897	0.0694137850531571	0.00432335422374591	0.0140475115885591	0	0.544262451906737	0.842987893494403
157772852	0	0.455134539583744	0.211763333050532	0.0397670927346761	0	0.089329015258141	0	0	0	0.0199879004017964	0	0.0320383332927754	0.0221226096449033	0.00925166802611069	0.0375274034516884	0.0560805743744382	0.00352725169978657	0.0234702784814073	0	0.543221571273111	0.841228535426487
157772980	0.170817621279814	0.0565364768854061	0.337298947905758	0.111607002250047	0	0.102762333869957	0.0115222900857371	0	0	0.0115508278279521	0	0.066836439329426	0.0195832086391106	0.0084438672647656	0.0494797705977572	0.0151387894920748	0.0185158311879114	0.0199065933842827	0	0.529596046753566	0.85506633905709
157772932	0.171949885652427	0.120541313698039	0.296372029852653	0.154377521752462	0	0.0822972516479344	0.0594802834385961	0	0	0.00157722547433494	0	0.0395960583319731	0.0170438453966052	0.00612782363832763	0.0242942563702491	0.00985646972536743	0.000787756419675047	0.0156982786013554	0	0.530166592519099	0.85382040890916
157773028	0.176912050471232	0.145724606281439	0.221324025632627	0.11472672907574	0	0.0986168627313002	0.133213061373529	0	0	0.00397000037244092	0.00121434100143445	0.0270315018184541	0.0138905520910714	0.00445425985193439	0.0143425433489984	0.0336583732012119	0	0.0109210927485866	0	0.593497160635482	0.817557515008893
157773012	0.0727077056993335	0.389508704224206	0.259676869199198	0.0302299505993853	0	0.114132847800121	0.00541444016667274	0	0	0.006008282566224	0.00628535022404457	0.0353259663671002	0.0156189879091423	0.00266287528613164	0.0144239252459473	0.0339084849737317	0	0.0140956097387608	0	0.549121468035283	0.839484371841501
