Mixture	Ex1	Ex3	Ex4	Ex5	Ex6	Ex8	In1	In2	In3	In4	PVALB	SST	End	Per	Ast	Oli	OPC	Mic	P-value	Correlation	RMSE
141667089	0.0766329722944451	0.287723064946634	0.269828206531647	0.0717619983909746	0	0.0521651790497567	0.026886580849761	0.0437312876759975	0	0.00302706347263181	0.0408731318409088	0.0622526571931752	0.0120394623258948	0.00392477914800196	0.0194529037792642	0.0165547233766152	0	0.0131459891242924	0	0.532063571391922	0.847844977436646
141667177	0	0.443779229984447	0.256782602767248	0.0802737605188216	0	0.0461125542637226	0.0175054479787847	0.0215828601991558	0	0.0248464007160508	0.0279737557710646	0.0106335487013083	0.0104138497722228	0.00570434601022604	0.0149133648893398	0.0237058980246831	0	0.0157723804029249	0	0.529355090341505	0.848524397407648
141667207	0.145526828206542	0.374867859743082	0.169642092330999	0.0556486751969492	0	0.032895952835226	0.0165753868408479	0.0305987913120612	0	0.0148980293034202	0.0226746107719499	0.02911049575604	0.015418334290333	0.00598225741014019	0.0268166634158293	0.0424699388410805	0	0.016874083745501	0	0.557921308784926	0.831670428259519
139409861	0.0264315683145465	0.373020000103024	0.262168175176961	0.053556864782392	0	0.057696138545502	0.0104994029215706	0.0202098587741713	0	0.00759949330709777	0.0187804646938607	0.0393634294100317	0.0159880284681905	0.0109956969019699	0.02851191019593	0.0297489448854806	0.00826932030254029	0.0371607032167312	0	0.466509193673995	0.885458465828477
139409845	0.147593135567951	0.313787681190563	0.242010925654925	0.0597694207205677	0	0.03807233879638	0.0208891553307986	0.0344463765648942	0	0.00868004569216678	0.0292810485521598	0.0356069988425811	0.0124344728472442	0.00469651687920466	0.0236439123353946	0.0176477164248856	0	0.0114402546002838	0	0.536796417256756	0.844974126219461
139409841	0.193220089031312	0.25420757358467	0.169903957724496	0.120953884824859	0	0.0512543880010756	0.0244581017775312	0.00349906089365194	0	0.0176152611867977	0	0.0226830678423519	0.015011918739428	0.00604459653612136	0.0555519739344404	0.0418443886784797	0.00217218142958325	0.0215795558152022	0	0.506855151335529	0.862418776895226
139409825	0.176178898667521	0.278688909129896	0.218797467600227	0.103453127754726	0	0.0620757980703974	0.0384904127973977	0.00957120349468712	0	0	0.0161327795384129	0.0316074877720643	0.0139121333813147	0.00586905808866243	0.0116944244163449	0.0178282297774788	0	0.0157000695108687	0	0.522604885780878	0.853565217358325
127687007	0.0776615362352643	0.254868467629744	0.274170415015317	0.0855182961570464	0	0.0585379043856483	0.00355306273869063	0.016798876332351	0	0.0116230012831208	0	0.0510486543152332	0.0114280532783813	0.0110344076198827	0.0317221808197098	0.0737242560507213	0.00886976779313339	0.0294411203457553	0	0.495190325839	0.86890906289955
127687057	0.250085711142967	0.108526511358466	0.243791897151148	0.09807410022031	0	0.0581596476939236	0.00898372737602146	0.0293650314890575	0	0.003155925694513	0	0.0625367044126685	0.0164420762089218	0.00652977785088367	0.0394988628353909	0.0466130624920975	0.00579161246643587	0.0224453516071948	0	0.546170772591941	0.842839072072843
127687001	0.158340756427298	0.277193715984176	0.253005276001436	0.103013261532329	0	0.0479224756303706	0.0728108996348296	0	0	0.00680880073150974	0.0134907683945568	0.0305421102072259	0.0148231804179037	0.00446592177223034	0.00387272816752879	0	0	0.0137101050986061	0	0.516727249658564	0.856757718701942
127687065	0.211013934580506	0.27037327697791	0.226668713431762	0.0405918829996378	0	0.0283473504487757	0.0642678747573865	0.00642566287320474	0	0.0349665921598395	0.00641951414657448	0.0205931894603992	0.0160078910731958	0.00607389388862634	0.0229694725116223	0.0196915223394877	0.00360622109081527	0.0219830072602572	0	0.500690589458287	0.865939046855043
141667185	0	0.394744501134577	0.237102224235705	0.117231394902531	0	0.0417263446526009	0	0.0400126215818125	0	0.00108643863128394	0.0330535838409229	0.0413839090042012	0.0150530988793425	0.00461407879349938	0.0167549876071484	0.0404004159354121	0	0.0168364008009636	0	0.560052938035881	0.829788858622868
141667169	0	0.363450531117249	0.354348313192788	0.0205133281794441	0	0.0466625477608282	0.00482489024346094	0.0434838330034699	0	0.00195546598581996	0.039198134455239	0.037740795921389	0.0162388009276529	0.00374931761373558	0.0172318632040326	0.0393524283798932	0	0.0112497500149982	0	0.590811971335814	0.810885693595097
141667153	0	0.361987539323622	0.298748551559189	0.150940956908092	0	0.0450944324837296	0	0.0222523127059716	0	0.0093608168934502	0.0327228541062766	0.0287365654755926	0.0151214662184233	0.00350516845992601	0.0121276821111191	0.00798766648029305	0	0.0114139872743149	0	0.566676960670376	0.825936160971361
141667137	0	0.462338167720632	0.244659464210128	0.108942423744753	0	0.0434718175231025	0.00282233055710083	0.0184399025070315	0	0.00864453989085686	0.0408928905854581	0.0173563720988609	0.014877998685307	0.00213597461189964	0	0.0258011717691471	0	0.00961694609572208	0	0.561035858598494	0.828398936239663
141667229	0.0285320579457857	0.439841157666032	0.225296060752271	0.0715782566313873	0	0.049634463193296	0.0429888124881213	0.0207023192116645	0	0.00449821892682503	0.0350288176377004	0.0296322201781214	0.0127519959393969	0.00428269022932317	0.0072038633180349	0.0154033778504714	0	0.0126256880315684	0	0.595345201979509	0.806383479481683
141667103	0.0645829591071911	0.353261992149964	0.239312759663481	0.093286560969042	0	0.0493035847711544	0.0475139070952923	0.0232896071156273	0	0.000512039009135787	0.0384666282514531	0.0365537211674193	0.0130808037107264	0.00451857608761108	0.0103393990330741	0.012985795855065	0	0.0129916660137632	0	0.586778046230961	0.813717544312984
141667199	0	0.324653297091149	0.321639167101834	0.142676229907513	0	0.0407418154778889	0.0107431598810944	0.0327224164186189	0	0.00408401777520622	0.036223975940167	0.0359026145785817	0.0165506229446219	0.00562798140489837	0.00862897692120244	0.00450132301314574	0	0.0153044015440788	0	0.557874739939063	0.831899514291174
141667183	0.073361202882367	0.378513820658388	0.253227303215531	0.0376383940377099	0	0.0290348919040077	0.0545021633227836	0.0217685428941938	0	6.63573726248596e-05	0.049627763624186	0.0291474479223891	0.0146447699540505	0.00475998169403933	0.00756332343977016	0.0306159861854901	0	0.0155280508924686	0	0.56761524040555	0.825225007193661
141667263	0.00256455776424165	0.505197158528214	0.203456108621139	0.0996054880235586	0	0.0509277399564674	0.016650405895649	0.0187436557348881	0	0	0.0338656581942843	0.0336872775401169	0.0109758291883369	0.00414546808775884	0.00263303057539009	0.00725543436655514	0	0.0102921875233998	0	0.604721784725334	0.798828401010491
141667179	0.0661018201734516	0.329591003971242	0.23343669121776	0.117751313695666	0	0.0665452669538524	0.0329778046656803	0.0171069739934681	0	0	0.0251734687857084	0.038815803011626	0.0116696865878181	0.0051822114808243	0.0125364705649994	0.0290437547910925	0	0.0140677301068098	0	0.564445069716235	0.828041340974566
141667227	0.085360565139901	0.41229592537729	0.204423405261025	0.0490625602581574	0	0.0405627524711237	0.0274197022793653	0.0107951652429855	0	0	0.0274232926870616	0.0214750662478977	0.0171779670805635	0.0059390136240927	0.00718735857800408	0.0741981005777765	0	0.0166791251747561	0	0.570175006016934	0.823231092302186
141667195	0.0836641174818575	0.39648536270818	0.186953924337057	0.0598289610843976	0	0.0479332883418894	0.0417534237475211	0.0279245035419875	0	0	0.0395051852348234	0.0330983642495801	0.0138772769964513	0.00468581639252661	0.0135928332221017	0.0383453707026383	0	0.012351571958989	0	0.578773238675684	0.818148917369418
141667133	0.101895695496879	0.3073723263298	0.206893437270245	0.10631531244093	0	0.0591073546503314	0.0551412066799904	0.01632825469689	0	0.00312945887792216	0.0309576596025087	0.0341344810262586	0.0126483107715157	0.00531211153245729	0.0111955959474056	0.0343295757036298	0	0.0152392189732369	0	0.553879654114802	0.834746899852312
141667117	0.0540750259829192	0.355818843826592	0.251348591424916	0.0786720293857547	0	0.0595248903324493	0.0456018330244364	0.00492770563936427	0	0.00157228503968791	0.0330465195799382	0.026577584840951	0.0172921671927755	0.00463710947765304	0	0.0525215968503902	0	0.0143838174021726	0	0.554057788199372	0.833867295400233
141667213	0.103742238700471	0.250029335774017	0.304039415874969	0.0463939272024335	0	0.0448260129717888	0.055562934048005	0.0248911275022931	0	0.00261274040030796	0.0384244339690803	0.0328635481358197	0.0166655334156786	0.00509709214740545	0.0171824257513919	0.0414645412790274	0	0.0162046928273113	0	0.571239152165603	0.825273423278553
141667197	0.105328853550823	0.453485167045685	0.145911639339409	0.0841841970395721	0	0.0379624194383225	0.0441672518553605	0.00972030234101788	0	0.00102695167122495	0.0311327302211443	0.0219932574831149	0.0166404704214412	0.00449557935756665	0.00080075127043585	0.0270444027604541	0	0.0161060262044279	0	0.563440396607809	0.827124296011058
141667255	0.0923520414103008	0.288172317713816	0.279371715254914	0.0985049466990325	0	0.0697776940927204	0.036414896504955	0.00333550240412052	0	0	0.019932786380512	0.0311584871952207	0.0187863768995704	0.00715677514193785	0.0135587117314968	0.0247968270042107	0	0.0166809215671929	0	0.544210687275304	0.840706327521591
141667145	0.0717667711463581	0.378685576852681	0.27026050431375	0.0667918109015842	0	0.0581497898252412	0.0103371216814877	0.0298317609360558	0	0.0115022381181739	0.0218562502350677	0.0251700867013523	0.00927713251582714	0.00637466268174247	0.0149366409230417	0.011770572155049	0	0.0132890810125874	0	0.574013472630477	0.821427692821668
141667129	0.0545690764720222	0.417671271658321	0.248863645383475	0.0656181563821365	0	0.0529601870206504	0.0350721906122587	0.00913968164979989	0	0.00122712338565778	0.028609417926844	0.0314337468068763	0.017547010988858	0.00523973148735343	0.00389733959766424	0.0141478133795446	0	0.0140036072485382	0	0.554210770891988	0.833173810526446
141667209	0.167706294613028	0.385866831474296	0.18818251544223	0.0961317749084386	0	0.0586352331785004	0.0122138139494238	0.011292267625256	0	0.00409940554810525	0.00984776212648466	0.0263741038760988	0.0129721374938761	0.00669538164283029	0.00848867296461549	0	0	0.0114938051568173	0	0.585153256428867	0.814501575885949
141667193	0.148334625243215	0.401281935527133	0.176999036971334	0.0839816182118421	0	0.0591560006824776	0.0178711157991967	0.0169131479254735	0	0	0.0226084348731454	0.0304759825860292	0.0105548481834984	0.00533976553267528	0.00693951791083117	0.00903381299901215	0	0.0105101575541367	0	0.60390118890858	0.802292594927542
141667131	0.0542418110003199	0.398024779534456	0.303505386890518	0.0813274368470637	0	0.0523968901886189	0.00863566549604729	0.0123840693426048	0	0.00410578048625706	0.0230288511846879	0.0274030461596413	0.0121562808857787	0.00524105612641672	0.00547903674497582	0.00143429796842859	0	0.010635611144185	0	0.60140765110799	0.803306862220855
141667083	0.109500398421808	0.370036749661919	0.258899772413653	0.0690000224805734	0	0.0359136379271628	0.0209790015839772	0.0282489335164852	0	0	0.0349431101117248	0.0297473686198211	0.011803106486011	0.00530552956744317	0.0129392645963495	0.0019519188576044	0	0.0107311857554667	0	0.591970380683564	0.810344899774137
139409907	0.174669683571392	0.273101480214651	0.259752047904041	0.0602367340857071	0	0.0405976644470827	0.0200838078733605	0.0142733431044715	0	0.010464435468997	0.017254664555501	0.0290296304683599	0.0154563442415962	0.00454038058251387	0.0169448293177413	0.0496423536882234	0	0.0139526004763619	0	0.574819948452147	0.823315982673867
139409811	0.165661993217802	0.326580534711776	0.239954525903431	0	0	0.0449524994118258	0.0403283530147732	0.011996017659284	0	0.0258046432589966	0.0196397295704549	0.0268853325960155	0.0210656387702805	0.00719002559300355	0.0123203435172835	0.0393252715006494	0	0.0182950912744241	0	0.558962514819012	0.831817856091897
139409749	0	0.495918369360309	0.146676445104389	0.158890071664785	0	0.0460012411168174	0.00877930220604557	0.0192233812837711	0	0.00354815474388261	0.0199442448565711	0.0228828344717467	0.0166376852941543	0.0051097419067032	0.00624571118084361	0.03607451599699	0	0.0140683008129908	0	0.585256310068109	0.812190695690816
139409795	0.167007416154513	0.417717954260441	0.173006572793239	0.0649564578805482	0	0.0528923953353265	0	0.0137423482262293	0	0.00840219546136354	0.0111445473991605	0.0292101939229123	0.0144546178490127	0.00815167362662896	0.00328444586579945	0.0165009015882904	0.00071952221547123	0.0188087574210629	0	0.57128579721385	0.822922297055651
139409779	0	0.533955335892317	0.200260128414125	0.0811169063135394	0	0.0527172097682782	0	0.020077190036833	0	0.00328651936426081	0.0248446108525922	0.0309261735047717	0.00953866239786368	0.00512328307981885	0.00318689663823383	0.0207354047744894	0	0.0142316789628774	0	0.609241319997929	0.795289327355919
139409767	0.205064423053311	0.273424878274608	0.192855225079779	0.111706363431606	0	0.0513027700981581	0.0417391613714463	0.00228395813836594	0	0	0.0156136848277085	0.0304686802537019	0.0147077726103345	0.00704281426590482	0.0179198483608273	0.0210427501969639	0	0.0148276700372839	0	0.53267106503975	0.847820771125304
139409799	0.000552762531159058	0.483997313159312	0.177908908128594	0.0748841577066552	0	0.0555541565020299	0.0109235171474382	0.0200805594136636	0	0.0131013783686244	0.0281149393869502	0.0374150250139998	0.0188856774336102	0.00588786888613964	0.00624428839164301	0.0497961744343731	0	0.0166532734958076	0	0.579852936692065	0.81608582954521
139409847	0	0.457682396122796	0.175676987711967	0.0694796482901691	0	0.045635605358982	0	0.027566032506134	0	0.0056026170392276	0.0278697867664808	0.0350602666664525	0.0201511752213308	0.00769749646805678	0.014816462330071	0.0845150767520666	0	0.0282464487662657	0	0.560764521485341	0.828652051721111
139409911	0.118965819770856	0.286717176187984	0.299012043946191	0.0703893360779122	0	0.0522911607550744	0.0282269392721613	0.0321179766943768	0	0	0.0214540826849929	0.0327440707469794	0.0123963133051474	0.00605674139488712	0.0163144303451706	0.0102289081925067	0	0.0130850006257595	0	0.561939679939058	0.830364656140293
141667125	0.179980722834772	0.395123746765185	0.161106240940565	0.0814382957740495	0	0.0520986618539662	0.016785812148821	0.0320379123463152	0	0	0.0184744996977674	0.0211040515967049	0.0110055465063666	0.00570187474160017	0.0105327703182001	0.00336903514204718	0	0.0112408293336397	0	0.60253672180185	0.803465569268343
139409801	0.179259698496363	0.358939999407441	0.181662518485951	0.0737941607788736	0	0.0557516907851788	0.0231747745108992	0.0109275943651061	0	0	0.0218711935050999	0.0354060467060278	0.0148065285555022	0.00568055202285173	0.00630185137715749	0.0194911756865256	0	0.0129322153170223	0	0.574539526909246	0.821865250235442
141667189	0.145722652042303	0.291107541117627	0.268866018579134	0.068704265069721	0	0.0481925849235055	0.0154015352796402	0.0260755551769522	0	0.00591417845729633	0.0180190421609245	0.0368025609327621	0.0152549028046719	0.00462449687072891	0.0193784824277439	0.0248486092893454	0	0.0110875748676446	0	0.578062206408918	0.820934477464867
141667157	0.109708930358789	0.412302723902133	0.210210080799201	0.0268297819873502	0	0.0484714145421301	0.0123608471234398	0.017086750693892	0	0.0108367939927289	0.0150077710028541	0.0257333512478292	0.0178569866306941	0.00573851383861354	0.00946716010715693	0.0670443989985087	0	0.0113444947746803	0	0.563904947457968	0.827316135392186
141667253	0.208248977782038	0.361182130745726	0.182723857376574	0.0732903234973062	0	0.0524803332630087	0.0090418720867547	0.0117662633496315	0	0.00913058314066978	0.00985823763178618	0.0307695310684847	0.0117444003646435	0.0048716080761186	0.00855448652066531	0.0135570852631036	0	0.0127803098334898	0	0.595369097634622	0.80898104043465
141667237	0.182326635327789	0.348027064075149	0.158503107540554	0.119706284997376	0	0.0650805377590574	0.0167418996329649	0.0112676807339365	0	0	0.0166851471211618	0.0322123668846272	0.00973830863058034	0.00473498011971134	0.00786446034409841	0.0161435248835648	0	0.0109680019494303	0	0.576873947105977	0.820565964912682
141667221	0.183193261486876	0.420698094230448	0.187058842651301	0.0307530889176492	0	0.0568811209005654	0.0186729956817845	0.0072184203250444	0	0.00721052020140699	0.0180972557474158	0.0275928916561163	0.014244901828309	0.00438189809408861	0.00538918430505055	0.00779105226387264	0	0.0108164717100715	0	0.597273414609598	0.806174914600947
139409921	0.0794233438326898	0.3981249872795	0.171507574977303	0.0767101273435565	0	0.0517228673955388	0.0335350393389068	0.0361214176106315	0	0.00285321560815905	0.039017428482131	0.048117646282246	0.0112413619173146	0.0051171785055744	0.0165710086432675	0.0151362532887949	0	0.0148005494943865	0	0.569766379524761	0.823871151710288
139409855	0.0963370829319993	0.462635672098812	0.152798773377104	0.0694025683481561	0	0.0476272486550329	0.00979097044615123	0.0157803920485318	0	0.0132370695740469	0.0189983526200568	0.0260011897362725	0.0154893056263611	0.00741303190874871	0.0124896484554995	0.0355444241949005	0	0.0164542699783266	0	0.562682366028362	0.82758587356587
139409839	0.082966655147173	0.399762426412793	0.222996713461559	0.0584121587962616	0	0.0750377243035544	0.0276963441758291	0.00945511051649904	0	0.00129897547654735	0.0229512453546803	0.0345166858105408	0.0122065298815085	0.00940596610511616	0.0089653818831045	0.018139753957724	0	0.01618832871711	0	0.607508383718152	0.799800121350959
139409887	0.0651145953160035	0.396447665095889	0.15448522039465	0.0866841305996969	0	0.058292714741419	0.0323449848008957	0.031618126111752	0	0	0.0364562234259868	0.0390070155296824	0.0150947043835496	0.00553156294253426	0.0170074618882873	0.0397734021922103	0	0.0221421925774433	0	0.573989423175585	0.821320021573594
139409793	0.271792945233122	0.210878498248295	0.207799947747703	0.0964234724081395	0	0.0630527262228388	0.00879488866403185	0.0141966147590861	0	0.00636983627105749	0	0.0464627254914836	0.0165260524952068	0.0076396332603851	0.028669103783819	0.00523589432410162	0.000807185589729618	0.0153504755009998	0	0.533362869923122	0.84844280567573
139409809	0.231463356246137	0.306208117516463	0.173509946645779	0.0428314067276515	0	0.0539546555605256	0.0268132487543974	0.00885710201774148	0	0.0218728364495461	0.000249714461702645	0.0215138957785702	0.017910728264168	0.00864853567751668	0.0215139958750165	0.0471379310243744	0	0.0175145290004103	0	0.547363314577742	0.83904238384175
139409823	0.179697332961494	0.250143275315614	0.227332621092657	0.0861555911397924	0	0.07430141991598	0.010153224524339	0.0148133212071178	0	0.00406108941505557	0.0012519542058395	0.0433717807435298	0.0199914904625019	0.0052730022068433	0.0190459563357445	0.0491666538653568	0	0.0152412866081339	0	0.545061986208173	0.841148484431446
139409775	0.241647226420893	0.232309135081141	0.265001672971959	0.0709523716023772	0	0.0535583118772228	0.00562003489611994	0.011932078405616	0	0.0112521457886305	0.00167631785989231	0.0339816449490968	0.0132465949228099	0.00494294462649355	0.00699485519267442	0.025047396246214	0.00309146379202266	0.0187458053668363	0	0.553882357878393	0.83673687206338
127687105	0.142384164516335	0.264819672742562	0.264844176505019	0.0794070002681141	0	0.0463521503533677	0.0267159879645811	0.0113678908637562	0	0.0075374679537649	0	0.0440698504579253	0.0126925266663623	0.0075389395483324	0.017306035106329	0.0511043592914777	0.00215667904647812	0.0217030987155964	0	0.509510205060829	0.860980204817196
127687089	0.101800204001587	0.372672997250163	0.203193074542423	0.0796092678343542	0	0.0503976977473593	0.0189213819400814	0.0172650868873067	0	0.00336352586650809	0.00668997123198954	0.0388263018113974	0.0162406212344392	0.00592175044407043	0.0221730419915973	0.0444561296684346	0	0.0184689475482887	0	0.563651527774135	0.82801189628476
127686947	0.102986299106684	0.429770289855688	0.13660480001543	0.100092697409071	0	0.0712069340879076	0.0134248301806934	0.0274043046588024	0	0	0.0253944704529214	0.0432553219031494	0.0111401224388287	0.00583519688712313	0.00908733974755755	0.00878348374341867	0	0.0150139095127248	0	0.608597286213531	0.798693391533233
127686995	0.130499291595333	0.390659937346755	0.144490720290114	0.0642947996742019	0	0.0783479069043595	0.0437252558648194	0.0250674699905261	0	0	0.0297856522024602	0.0407538138888848	0.0133413468256288	0.00548001404249689	0.00710464358785748	0.0141283267099358	0	0.0123208210766279	0	0.603630562451963	0.80282895341041
127687027	0.178516635800573	0.274846497255154	0.202653263487569	0.0672375186958017	0	0.0505537962004572	0.0252278045684502	0.00905171615665295	0	0	0.0114202635464415	0.0361668551957256	0.0150443535362412	0.00579811593973918	0.0166998644493299	0.0848377175846893	0.000804973778574458	0.0211406238046014	0	0.542973891096647	0.84174937974523
127686991	0.132864055719895	0.322833210654636	0.214553088988105	0.0739600351082141	0	0.0525105549089904	0.0283707769163812	0.01070080139578	0	0.0073351363056224	0.00279925025075701	0.0352315998367685	0.0145812399465213	0.00760245411722652	0.0278884212420506	0.0496855107599637	0	0.0190838638490872	0	0.536498510967223	0.844905295845403
141667093	0.117009405453287	0.459426554867738	0.103192649753742	0.103990631301497	0	0.0408823158737002	0	0.028326114376507	0	0	0.0214474130304943	0.0505378922067849	0.0122731498924226	0.00409300104943959	0.00775932571251435	0.0370162247742059	0	0.0140453217076669	0	0.617347516684283	0.792285439874076
127687055	0.0978237729266092	0.364145821098294	0.211143635295426	0.0546657488622286	0	0.0591735697961832	0.0493578654854752	0.0199761421033761	0	0	0.0319692977083803	0.03308972763447	0.0187694268197098	0.00743409886605835	0.00810882913591639	0.0248699107804019	0	0.019472153487471	0	0.592728877460301	0.810199493613859
127687039	0.117468692546816	0.315236672143664	0.215698500164058	0.102257443793237	0	0.0747191485968787	0.0432472980436199	0.00219675414813599	0	0	0.0211552402832374	0.0308569243256927	0.0161783952517454	0.00635394562999824	0.00868606565505771	0.0288429268821504	0	0.0171019925357073	0	0.5622634501734	0.829748915943029
127687071	0.107647451048234	0.393085210145808	0.157515766051234	0.0860963752163099	0	0.0595487838314449	0.0296610038992382	0.0223565347638076	0	0	0.0255962210218925	0.0404677930557729	0.0149372145626885	0.00607789702701253	0.00700751353248982	0.0331057949003658	0	0.0168964409437018	0	0.571677441469479	0.822938277879246
127687119	0.177642581635576	0.320717651436117	0.17355102520146	0.136787066181967	0	0.0695599373952816	0.02160609905243	0.0058355411613563	0	0	0.00761245550060512	0.0455851940457439	0.0111640738332413	0.00567431321616506	0.003670192915464	0.00568595534472614	0.000963590085217086	0.0139443229946506	0	0.562151475939427	0.829977492019562
127687103	0.22782394683077	0.258012179301991	0.253487254812191	0.120853198412473	0	0.0541839998112757	0.010653618037894	0.0117930858043609	0	0.00170054115548122	0.00568496193256643	0.0300071409805209	0.00972208571179155	0.00329696575223451	0.00274177898531762	0	0	0.0100392424711316	0	0.565263832304916	0.829230915645219
127687041	0.21306104617701	0.289064049223305	0.16435639157262	0.094887174943451	0	0.0505508913018108	0.00921430875105646	0.0119042054344808	0	0.0147462438117156	0.00415498909262094	0.0260808895639402	0.0163844526712713	0.00823660297820989	0.0407105443435981	0.0359282600946317	0	0.0207199500402786	0	0.525414225865339	0.85182697324001
127687025	0.284467384822121	0.227955796022131	0.181963534570107	0.0933880711786006	0	0.0577937208835193	0.036597169816484	0.00764197039738749	0	0.00932079404136072	0	0.0302557820994853	0.0130600506314776	0.00718771962606572	0.0290339468278143	0.00363548738174564	0.00245392242879541	0.0152446492729052	0	0.527210492710801	0.851526844866807
127686957	0.147340237519138	0.171826006521119	0.275465076612836	0.117315540675449	0	0.0573467433003747	0.0389843447774129	0.00944289513554507	0	0.00550837508831968	0	0.0399198071667974	0.0168483536167435	0.00918968142169004	0.0360586430904744	0.0484607199475513	0.00345911937791755	0.0228344557486325	0	0.498557177588615	0.867428273620766
127687005	0.143061068143465	0.286579335168111	0.205674267302538	0.0894046689168344	0	0.0612429174317884	0.0739596146132659	0.0154034066982665	0	0	0.0297757004046076	0.0311701039993682	0.013210512827235	0.00656705290029584	0.0179361997584636	0.0117244076480008	0	0.0142907441877607	0	0.58745348331454	0.814741345676194
127687085	0.125080684117991	0.363204558740727	0.197963551344169	0.0621444991870967	0	0.0541549201638061	0.0475108166831091	0.0251968918106218	0	0	0.0229647927795745	0.0400361430638184	0.0151806215984115	0.00605092656619345	0.0132804209659472	0.0135706943552102	0	0.013660478623324	0	0.594543743295301	0.809018680578457
127687037	0.0820666855131633	0.215784800442875	0.318150682525302	0.11099969709679	0	0.081086803865149	0.0436662145179573	0.0214432477245809	0	0	0.0276641263027325	0.0352003064467711	0.0129701109737977	0.00787469532478714	0.00491118560915187	0.0214075583385062	0	0.0167738853184358	0	0.594717595261532	0.812346983663411
127687021	0.0491914486358062	0.323065189717186	0.237967857208978	0.114138542462488	0	0.0662899761276409	0.0337986228302103	0.0381488240690496	0	0	0.0366996736417493	0.0447628531901396	0.01306517963812	0.00445255782201134	0.00768457241665452	0.0144336715393032	0	0.0163010307006632	0	0.592290628989149	0.811247264704633
127687097	0.0726695460780571	0.431144378083531	0.200192055670035	0.0335952733827667	0	0.0466762300848313	0.0244729425184295	0.0105478162359326	0	0.0201487283868102	0	0.0319910717020534	0.0172926782457815	0.0059290531468758	0.0240616849831493	0.0594534323629787	0.00247756685196908	0.0193475422667996	0	0.557264441714025	0.831142925990705
141667077	0.137368209089427	0.338248417223968	0.252627533269216	0.00410378289435906	0	0.0614649061579208	0.0396857649703518	0.0140124786394085	0	0.0130880246570446	0.00670186772833168	0.0292023843425452	0.017867556705454	0.00615349339299002	0.0209944657303489	0.03839554021381	0.0036912192478773	0.0163943557369473	0	0.56510776382198	0.827720919257481
127686955	0.124340972489403	0.216810102617802	0.262790177577	0.0563089827540404	0	0.0535029502224028	0.0565455916549606	0.0229717121631984	0	0	0.0224799181126539	0.0441398185867134	0.0184557998495969	0.00693518117823289	0.0211585580000894	0.069672193109943	0	0.0238880416839632	0	0.53804713048819	0.845052143664113
127687113	0.158488739211425	0.323647582140906	0.195678403311545	0.0820695720558382	0	0.0513463407010961	0.0400844841735758	0.00441724326939325	0	0	0.00931058280564624	0.0317076235217699	0.0172424570253498	0.00677540472289651	0.00790185813802719	0.0520783744313318	0.000890404998067439	0.018360929493132	0	0.525415874896072	0.851515388579038
127687067	0.173678942089077	0.283504145364791	0.191758666986793	0.0857967268397499	0	0.05739911355979	0.0495732942730624	0.00172008113845175	0	0	0.0137561413152755	0.0359132338059141	0.0177450612592301	0.00667848552772007	0.0215729851301195	0.0415783443028123	0	0.0193247784072142	0	0.543393997336892	0.841407228800136
127687051	0.156423036723324	0.296712689435128	0.226372186930193	0.103521504787466	0	0.0484874018924413	0.0467774916802163	0.00414919712007317	0	0.00860137809233122	0.00684784308141186	0.0312648308673433	0.015673239658641	0.00706639443608213	0.0261475270872754	0.00752469256593545	0	0.0144305856421376	0	0.531298757497885	0.848173194380222
127686937	0.108086031487969	0.356286934677489	0.18742000780917	0.137612547578342	0	0.0637830085704418	0.0234897190268454	0.00848414896455862	0	0	0.00836489513810262	0.0351772343411733	0.0140836412543555	0.00524087373683255	0.00473937427250234	0.026827921223503	0.00310029868495398	0.0173033632337607	0	0.546643630079256	0.838653665710717
127686969	0.166088278147309	0.265497710797991	0.250095097304616	0.116836032245574	0	0.051701231469052	0.0441753185775911	0.00304108545907924	0	0	0.0160116443596408	0.0321727974843629	0.0134018697578646	0.00558198236643249	0.00794888055546254	0.00964238100247739	0.00188895717602445	0.0159167332965235	0	0.528489486919861	0.850239825096432
127687049	0.133649013045114	0.282246214290947	0.260341392879011	0.113962123478061	0	0.0516699941510469	0.0381128461659868	0.00599884629957947	0	0	0.00984163198850607	0.0302086907204176	0.0151652397198305	0.00534423114337763	0.00913415988647379	0.0231721174384948	0.00251157349682064	0.018641925296334	0	0.545367449144198	0.840242717846186
127687117	0.209393323215302	0.306232610299913	0.198075919428389	0.0475021181145144	0	0.0479626197567094	0.034337841389001	0.00386060974626215	0	2.14830684971895e-05	0.00268178681821846	0.0366408214032109	0.014029445938252	0.0112921428114387	0.0199583103068631	0.046245563596993	0.000162459526103523	0.0216029445803319	0	0.545919138590669	0.839748318154117
127687101	0.239745307821514	0.244997913257211	0.232426352573541	0.0506427334630845	0	0.0505771501502383	0.0391196611506491	0.00383335911170755	0	0.0052913401367993	0.00524804738622018	0.0358376738766164	0.0127872002360973	0.00794122389879157	0.0318677436326276	0.020423754785952	0.00228831309748691	0.0169722254214637	0	0.534776585807108	0.84691130077465
147712586	0	0.383064993777078	0.214922199429628	0.135882860323431	0	0.0516665126912819	0	0.0327596797012358	0	0.00800317731518186	0.0247349564873299	0.045244082748895	0.0197416370452518	0.00506992526059894	0.00978232302226413	0.0518328804520457	0	0.0172947717457779	0	0.58047149722394	0.817356375099048
149052854	0.215550702928355	0.248088713819071	0.224962083061827	0.0901676584546188	0	0.0509913412097536	0.0165285313755291	0.00938377854032977	0	0.0103942208358892	0.00257629889210027	0.0378400949263931	0.0143043812392709	0.0050943846823281	0.0201286263783286	0.0359168590148796	0	0.0180723246413263	0	0.577903027614847	0.822297711756865
149052758	0	0.288047828899506	0.439956079206448	0.0789014031176017	0	0.0300925949105242	0.0241297139972065	0.0156104133853355	0	0.012382082213559	0.0511779660680947	0.0159434550935455	0.0176962793604251	0.00404058020538371	0.00728405951243825	8.06727227472661e-05	0	0.0146568713071852	0	0.588829141393618	0.813199073815915
141667121	0	0.378360971416543	0.277793694980008	0.0734041691378473	0	0.0537110199224088	0.0184264846957344	0.0131354836365508	0	0.00154434579195203	0.0379087448035221	0.0330786642212419	0.0193408949407977	0.00438742998605398	0.00416193287486679	0.0664920323553729	0	0.0182541312370998	0	0.583999045700496	0.814919577087132
141667245	0.0310792674554029	0.330494609917783	0.288198510053913	0.118051218075699	0	0.0514758687837048	0.0529330253795122	0.00479683879903869	0	0.00546017150641447	0.044072359893553	0.0244856368295744	0.0154239473086524	0.00346737713289916	0	0.0174494430224026	0	0.0126117258414511	0	0.6187032045082	0.793674009241296
141667119	0.12100224990822	0.274722678446554	0.244646373090444	0.0931304324854125	0	0.0607685667314223	0.0612151470903874	0.00386344605039358	0	1.76317371079694e-05	0.0358771379598087	0.0284078165447113	0.016519779160589	0.00709702716928657	0.0128361841428082	0.0213833725092134	0	0.0185121569736407	0	0.576075946148875	0.822046980913878
141667261	0.0836867021011307	0.308415298594537	0.275141879504607	0.09205217162996	0	0.0455277016638504	0.0479901569373594	0.00853751001382683	0	0.00094661949138089	0.0463546959285913	0.0265422949704939	0.0147376453465806	0.00615776659616812	0.00547994899557684	0.0201785108216745	0	0.0182510974042625	0	0.589490627835398	0.813137056111768
141667151	0.0285076521995427	0.313924954042177	0.298231215805611	0.0998397666058345	0	0.0320723007690429	0.0385758763985414	0.0130831519921486	0	0.00553071588756147	0.0497694740873238	0.0262991303156613	0.0172770309049834	0.00522875389587611	0.00730296371038715	0.0479372936117384	0	0.0164197197735702	0	0.568108219816604	0.825812392387435
141667247	0.0567131197212837	0.395916502991304	0.23333350422324	0.114836422914048	0	0.0512003361115646	0.0441477539459644	0.00706838986936479	0	0	0.0286339521306469	0.0277090604098962	0.0105801272529409	0.00464186363566248	0.00228659855535764	0.0098733832620628	0	0.0130589849766638	0	0.602843206499385	0.802361560727411
141667211	0.0902152110227599	0.410667823828056	0.210518176977579	0.0821525238987132	0	0.0584563694578935	0.0288443708171885	0.00951597987064583	0	0	0.0320095783657813	0.028552310442667	0.0107822143739636	0.00541475145632163	0.00020278996608567	0.0178534358103008	0	0.0148144637120442	0	0.598361647344989	0.805390900879607
141667113	0.0707205819120277	0.384349135895298	0.224557055528055	0.105435417528517	0	0.0657062587241759	0.0297960228089907	0.0118475102971452	0	0	0.0270926249015154	0.0295068937775541	0.0130515918321858	0.00548664760084417	0.00457053145142434	0.015405386077812	0	0.0124743416644554	0	0.618294550440012	0.793032848557549
141667241	0.184720439911524	0.125218574627449	0.37550174763651	0.074582544162788	0	0.0669603525808854	0.00912559489624395	0.0138666690165995	0	0.0117684796876111	0.014085402104888	0.0459753406985005	0.0177886377788092	0.00501545908807328	0.0147335678205004	0.0249678084273906	0	0.0156893815622271	0	0.600194694664726	0.812710407635343
139409751	0.0602042733240944	0.32206633167943	0.274122115110812	0.100272974538965	0	0.0662776413388741	0.0415999582516671	0.0133906368189768	0	0	0.0270931573605576	0.0337552290181554	0.0148128681838503	0.00630359387243478	0.00764019450154889	0.0196516750117016	0	0.0128093509889327	0	0.610031382583395	0.799916636404917
139409925	0.251551598519284	0.227812497620493	0.253937418538696	0.0945403088469512	0	0.0604865887865079	0.0300804053898538	0.00598220104931705	0	0	0.0115708466685231	0.0265474972641385	0.0120930877900864	0.0044582283890206	0.00981105183621372	0	0	0.0111282693009146	0	0.585630459060256	0.817955544527457
139409831	0.071413574968356	0.348164491974806	0.260848744787029	0.0927676805832678	0	0.0655123273426349	0.0343753030425112	0.0102630805852475	0	0.0027832668879114	0.0290408839550223	0.0371814625707465	0.0129831035520373	0.00912548840993556	0.00230412590859982	0.00832919300060936	0	0.0149072724312851	0	0.61315644895962	0.797395030729789
139409815	0.128381194817296	0.280291516265977	0.231459886509092	0.13853417915882	0	0.0724776425336449	0.0257903157222598	0.00871126739999955	0	0.00390541438222908	0.00973136365367857	0.0454427333021764	0.0125007166146576	0.00532549883975597	0.0128066413902059	0.0107667224185627	0	0.0138749069916438	0	0.585170862607627	0.816743224118319
139409879	0.0133832613348879	0.559094064203409	0.193092588560076	0.0204402383054712	0	0.0662193722695615	0	0.0301267296095661	0	0.0104245484839344	0.0573909650743651	0.0120395060034145	0.01630958630486	0.00282773458374567	0	0.00747841588053867	0	0.0111729893861696	0	0.627781150351609	0.782004956125772
139409863	0	0.537350926878754	0.162935758509429	0.0636969505343253	0	0.0571406280746327	0	0.0489363207538897	0	0.0113515140088197	0.0644581589688212	0.0147075078405605	0.0150531763091169	0.00423480872833261	0	0.00808262287438967	0	0.0120516265189288	0	0.633326923250862	0.778800872438226
139409785	0.0797333584348286	0.37329210066496	0.261019948986205	0.0612241329347647	0	0.0608304427744737	0.0341487075971086	0.00426188494961689	0	0	0.0301889867244359	0.0256730880986417	0.0115549403416453	0.00955517055560077	0.0110892992671989	0.0192727368192721	0	0.0181552018512482	0	0.605720783554259	0.801408321805216
139409747	0.196454220124824	0.250718239626461	0.219664547128193	0.0822819808689706	0	0.057876216156858	0.0141762662845017	0.0159340265641648	0	0.010094572725519	0.00304222586808327	0.0401301137885545	0.0187123834382983	0.0270008821364946	0.01278446120635	0.0262237498092475	0	0.0249061142734799	0	0.56167911092704	0.831678062235057
139409857	0.217546510366259	0.241951703674991	0.232272652553917	0.0973818265825847	0	0.0606125104742623	0.0375718077191843	0.0084099306655302	0	0	0.0096351515175305	0.031946858062622	0.0127178594180114	0.00711394586677331	0.0145010506080157	0.00877715155268675	0.00250323194915408	0.0170578089884783	0	0.580100604647127	0.820950662462997
127686941	0.105217202718832	0.259131261919293	0.250638345387284	0.112326696965989	0	0.0806222976618557	0.0555396110414951	0.00607406927884332	0	0	0.013177828357563	0.0388979705693159	0.0160006836345798	0.00604479590864161	0.00598563408200635	0.0318754474509721	8.73902645705338e-05	0.0183807647587569	0	0.587682065630723	0.815514478486975
127686989	0.108334900584256	0.284640866583789	0.248583759773528	0.126949705297567	0	0.0756409170773551	0.040686163258874	0.00489593112039809	0	0	0.0139369828632778	0.04152385765447	0.0137207700914911	0.00616054797613224	0.00519416230142373	0.0104008834053318	0.00165127836353923	0.0176792736485678	0	0.600120220547744	0.807461170118996
127687003	0.111910024144773	0.204123533921341	0.302879276906028	0.107327291964068	0	0.0452169018191691	0.00237937414969209	0.00998645762630009	0	0.00375100030486451	0	0.0479893049848619	0.0172272025168025	0.00556129373379545	0.0259505787762506	0.0863405883833389	0.00498985073591837	0.0243673200327961	0	0.544721923157725	0.841480231538207
127687083	0.140159275086445	0.198681181302472	0.282598482117805	0.100065448648919	0	0.0587992590606803	0.0533374305984073	0.00347328893622464	0	0	0.0141032584605743	0.0369778784113989	0.0184624583827127	0.00524181198980956	0.014232841554163	0.0538726874531831	2.96382835158479e-05	0.0199650597136889	0	0.549677641730067	0.838849934768016
127687019	0.128958055437719	0.268526571080513	0.289435036626602	0.0545515608345758	0	0.0554387823280232	0.0303672840186383	0.0125889748962792	0	0.00198220316992249	0.00748568867200249	0.0358608922549054	0.0175915035864455	0.00766454520988183	0.0168909788033516	0.0489644329985338	0.00173959877013128	0.0219538913124756	0	0.580883468200998	0.819669009300461
149052790	0.135391510850339	0.297551382819238	0.279693941376322	0.101070425218306	0	0.0416655323895055	0.0509127572029399	0.00495626338900475	0	0	0.0364820263505354	0.013573644177406	0.0152946380258748	0.00512685111244005	0	0.00474010786156536	0	0.0135409192265233	0	0.608996553608262	0.801318527423489
149052774	0.0103758018196706	0.247795710903991	0.445958100077577	0.105245852813191	0	0.0263289556090673	0.0237199796681937	0.0186914631996024	0	0.0105827479241859	0.0351137138826788	0.0262683650684729	0.0171435502201711	0.00263824274187273	0.00584203560164118	0.00868943019147534	0	0.0156060502782094	0	0.567021556369498	0.827315916569612
149052742	0.0489532522861638	0.311573698147907	0.334599739052058	0.0641338633804446	0	0.0404858064780268	0.044562371269352	0.0115364434489126	0	0.00152991818624848	0.0463183872592321	0.0303692628606534	0.0185766609401841	0.00366871105616318	0	0.0291062789866015	0	0.0145856066480525	0	0.562863074888854	0.829062783240621
149052838	0	0.280816257185643	0.378129082361494	0.155769277086037	0	0.0284868040281609	0.0133554313187043	0.0180503760113653	0	0.00826110876879502	0.0314337991153351	0.0318537890957462	0.0187293498501808	0.00435036661374146	0.000734814649516757	0.0126150588019913	0	0.0174144851132883	0	0.57634678178295	0.821353665716982
149052822	0	0.283037870223206	0.373161833913129	0.145112769435361	0	0.0335899615651903	0.0109106196301269	0.0195519159357575	0	0.0128175973626487	0.0336023070431041	0.0337197017407562	0.0173947854522462	0.00518783166092826	0.0021268555743583	0.0103513915294251	0	0.0194345589337622	0	0.564609203851389	0.828465682326318
149052806	0.0102547891397233	0.357109971754737	0.302498698625576	0.0977744650977722	0	0.0579602310946633	0.0358451334151268	0.00968363237354395	0	0.00462018658933383	0.0387958420806788	0.0323267029031066	0.0149832088630239	0.0040037738395022	0	0.0175909961647328	0	0.0165523680584786	0	0.586903422175111	0.813377175397717
149052694	0	0.393848070281451	0.318351525449547	0.08897632842447	0	0.0439579784704982	0.00631313583302802	0.0176154210071803	0	0.00643081004774186	0.0493880091906342	0.0178841686216061	0.0153306192429469	0.00280336576126542	0	0.0272601832426604	0	0.0118403844269711	0	0.600737714927091	0.803798467602004
141667135	0.142050251384324	0.217560299286509	0.261309074037666	0.126526393060025	0	0.0632832698698787	0.064936044223413	0.00248016584587697	0	0	0.0406753361333136	0.0259504714895019	0.0163300568864862	0.00581318150844673	0.00222621312566533	0.0148772527030213	0	0.015981990445873	0	0.55909677059532	0.833121554712266
141667181	0.0985489596911756	0.250423094697868	0.306220279265646	0.102617393502611	0	0.0597097531595954	0.0553239362203101	0.00560463644723773	0	0	0.0349349963691179	0.033662899419944	0.0147432568654025	0.00555438237634226	0	0.01789226251203	0	0.0147641494727203	0	0.594116658537123	0.811626744679134
147712584	0.157522521596006	0.147014174733255	0.234676026179573	0.195205707517651	0	0.0673057529629002	0.0742299001489474	0.000473044953227247	0	0	0.0300583503134186	0.031921356911535	0.0124593496493149	0.00568706415225712	0	0.0295693317600366	0	0.0138774191218771	0	0.55834245469055	0.834678323335645
156434441	0.198241060087808	0.191303481634002	0.307292229093088	0.0738453654091411	0	0.054080581651996	0.0525229318667804	0.00127180057896512	0	0	0.0279694803009979	0.0282702922074599	0.0164724575472445	0.00640398992822102	0.00955905895364117	0.0131085197975316	0	0.0196587509431237	0	0.572697324503092	0.826167304135287
141667175	0	0.493680595992126	0.154585799928245	0.11996562600024	0	0.0474727499046027	0.00434117260527178	0.0158370708420662	0	0.00368000702853205	0.0380367549887049	0.0263112975997462	0.0191085721691951	0.00512397041947924	0.00213016335983692	0.0546016062864303	0	0.0151246128755232	0	0.588022319652479	0.810474525900925
139409859	0.23917694684584	0.102746353173424	0.305332071406586	0.0859440155681972	0	0.0668626096085623	0.0263563631663986	0.0113181718228025	0	0.00190264489434085	0.000805600206820841	0.0436798643590529	0.0210217252188666	0.0073673281651712	0.0233081815299212	0.0424195493615671	0.00103061973125988	0.0207279549411888	0	0.546150191852928	0.842989788905018
139409797	0.0590383614603306	0.405658726820029	0.21528891377635	0.0593830334907895	0	0.0602547852150789	0.00486753175085676	0.0192435631589151	0	0.00800276577089895	0.0191387768675242	0.0387761182131682	0.0186264437248231	0.00591886912415213	0.0118294671064587	0.0567000316642345	0	0.0172726118563904	0	0.579810946628906	0.817483053938456
139409765	0.0692634624711032	0.378843238226442	0.242011948596071	0.0599648336100823	0	0.059494846631935	0.00642230615825422	0.0208326890229496	0	0.00236205374121449	0.0212645863028116	0.0268539360214339	0.0175790066677082	0.00695881562250008	0.011073053522867	0.0570201312246816	0	0.0200550921799465	0	0.589947633501136	0.811625875120145
139409895	0.00273221481769004	0.436999331404129	0.246269317620173	0.104893829759956	0	0.060347605350512	0.00437435875845929	0.0151925714229388	0	0	0.0246734011191877	0.028621566742304	0.0131508846920955	0.0063619139473842	0.00257367061843848	0.0353407971585131	0	0.0184685365882187	0	0.608809257346538	0.79771150298432
139409927	0.0182472220431624	0.335998546852736	0.323330594849076	0.0754499747838759	0	0.0507150633618519	0.0215146537886952	0.0189139298384644	0	0.0160407471236425	0.0385490517971481	0.0273758474958083	0.0166938491293308	0.00672505807906177	0.00587218675540757	0.0268774982087086	0	0.0176957758930304	0	0.597857493495255	0.807298515821954
141667173	0.246949871521585	0.245362243547549	0.250486669291077	0.0589618259706113	0	0.0488694076059143	0.0132431115197201	0.0174055785032863	0	0.0016351003165563	0.0245885842675313	0.0338450133685621	0.0167742341262485	0.00518489516035164	0.00612534018149847	0.0184764088200017	0	0.0120917157995072	0	0.600943126096258	0.809152836368572
139409761	0.0919870312594839	0.306318122679061	0.291696518744191	0.0888586762272706	0	0.0694540706010864	0.0110362866458735	0.0139093033952587	0	0.00119216289014456	0.0270297782083676	0.0346280438579773	0.0152880798748529	0.00747526619195238	0.00426378707391609	0.0170031896756102	0	0.0198596826749535	0	0.608675414762988	0.80194405666724
127687073	0.124362886914511	0.371988302433022	0.211949673210041	0.0798059508813436	0	0.0664668743000236	0.0265395716621915	0.0121570895912198	0	0	0.0222918727881816	0.0224156300987616	0.0128538711227735	0.00725912166315432	0.000889674009311878	0.0228165800507293	0.000557516652411066	0.0176453846223245	0	0.599382598474051	0.80592821874791
127687043	0.217256428311999	0.0523324421238269	0.236454590438217	0.182609859745123	0	0.0816847273277825	0.035695068335355	0.0139794657100385	0	0.0118215566486744	0	0.0439470609861839	0.0152130148836996	0.00928579991335926	0.0765935625110844	0	0.00369135062561917	0.0194350724390374	0	0.499366815620443	0.867393091581403
156434425	0.29112819412265	0.116097769055506	0.205199147802608	0.196998465538646	0	0.060892912056617	0.0320790020263223	0.00256145176539618	0	0	0.0144793070057799	0.0272819417048102	0.0132176105743587	0.00606552343203459	0.00113242847785834	0.012508423518346	0.00261292653014616	0.0177448963889206	0	0.565668892407278	0.832444898572281
149052678	0.123138682480095	0.302286728281305	0.249939853581567	0.0563486456983502	0	0.0448149616298793	0.0286466189777557	0.0157917948909119	0	0.0184786961384713	0	0.0364030409053325	0.016948453436618	0.00648977793245328	0.0254138099225054	0.0528090893606033	0.00337830863566784	0.0191115381284843	0	0.556013272011091	0.833683715201182
127686939	0.107178006610528	0.280032271866535	0.26706468170937	0.129448047900236	0	0.0675556054106722	0.0341516089082193	0.0119473537898493	0	0	0.0134190548526849	0.0402566978898645	0.0130177636632038	0.00511963818099123	0.00459405634895169	0.0116282313601209	0	0.0145869815087732	0	0.608649590185584	0.802323550395689
139409741	0.182905161347727	0.150607133085569	0.293288148565324	0.123948076339712	0	0.0507758993200737	0.0224001003314851	0.00735431772307982	0	0	0.00109255325010677	0.0367939753896631	0.0158773069776584	0.00473309843270386	0.0174159676922299	0.0808033933999601	0	0.012004868144707	0	0.551967233584192	0.838310523030807
127686987	0.190435679953627	0.13960686470096	0.331099564587948	0.0802228562238957	0	0.06724094187327	0.0307318523359592	0.0118300859634676	0	0.0105070698091523	0	0.037446046956178	0.0158192672698542	0.00582369436265897	0.0527105824547405	0.00511813350162386	0.00429904653184012	0.0171083134748248	0	0.538273170691685	0.845852349821468
156434409	0.160973936654038	0.170548285261599	0.288174868013779	0.116863831999599	0	0.0514369151309612	0.0522532371850339	0	0	0	0.014471086950532	0.033373158834204	0.0179460110440097	0.00541859977927911	0.00979967338730863	0.058396906934554	0.00367880320300449	0.0166646856220976	0	0.546604518136319	0.84109159551632
127686985	0.176302159742427	0.125505424172228	0.306883896059291	0.144913373786393	0	0.0553916085244722	0.0899695053796191	0	0	0	0.0237854192133431	0.0311009362094575	0.0148777748043255	0.00546650191942902	0.00312029064782663	0.00950353277995615	0	0.0131795767612308	0	0.567449432711568	0.829558796453436
127687033	0.160936297685054	0.253520105018614	0.264555693365977	0.113761021608649	0	0.0502242583849488	0.0517264780675867	0.00380780049625055	0	0	0.015342347402212	0.0297838078624814	0.0144374034342043	0.00613919830051594	0.00642272620515278	0.01275963238198	0	0.0165832297863738	0	0.576345263598077	0.822468721180639
127686943	0.173018143728745	0.139807855957527	0.30267108116447	0.192469818883809	0	0.0655018954459071	0.0108449553530175	0.00855946303514176	0	0.00139106980336895	0.00539466269854968	0.0369676303723849	0.00985571090273572	0.00816115798346161	0.00646832006991288	0.0175594927013291	0.00446256840918082	0.0168661734904584	0	0.58296462652516	0.821815431115091
141667105	0	0.432563949711445	0.231538354678967	0.107537666269758	0	0.0459711049333117	0.0365290839629276	0.0327533887170308	0	0	0.0384877799383943	0.0245557555753864	0.0117689302230663	0.00371124405980984	0.00843106899094764	0.0154358710395916	0	0.010715801899364	0	0.610688586885521	0.796255939881205
141667217	0	0.530796575885574	0.216458075326615	0.078518148798037	0	0.0461828242283902	0	0.0300663020038547	0	0.00355595842209429	0.0370597226733232	0.0213308955394511	0.0105097573096961	0.00435881799316836	0.00849326491576629	0.00261478797286967	0	0.0100548689311599	0	0.634465775235896	0.777559537998136
141667087	0.0267921408880226	0.470525123016265	0.225809199483795	0.0520923736781263	0	0.0431058053690518	0.0356824626275449	0.00975232516925025	0	0.00574399432194853	0.0382391881974528	0.0251696996218321	0.018290650094087	0.00397345087824141	0	0.0262894839052217	0	0.0185341027491606	0	0.603102583195423	0.80078698128998
141667167	0	0.406822163521394	0.315955851850846	0.0740888953486756	0	0.0337583394173466	0.0100648147081782	0.0173922272057317	0	0.0114150688299199	0.0533726726117441	0.0244008552173901	0.0179789215800788	0.0042524143162102	0.00739315474253273	0.0101070513892066	0	0.0129975692607458	0	0.585263413554113	0.81349101077349
141667231	0.020565014720476	0.559942285833535	0.159842663084941	0.0254803356229243	0	0.0490689923122682	0.0160890568514766	0.0335664859700525	0	0.00832786063889469	0.0636299253273176	0.0165227588789228	0.0171515162761649	0.00166876537749724	0	0.0121050564865362	0	0.0160392826189931	0	0.622327631536821	0.785951245843392
141667215	0	0.405422588704444	0.238265366754002	0.0783804645688851	0	0.0389143621729073	0.0387315398585143	0.0161868520052417	0	0.00394811944662596	0.0383511505178607	0.0316554549377796	0.0177429607320716	0.00468201477185608	0.00627871647343243	0.0667226160568652	0	0.0147177929995142	0	0.584852353354951	0.813710765089866
141667163	0.139249071487381	0.407499344525088	0.161113381204247	0.115649970146814	0	0.0448928877155813	0.0274913540139752	0.00883804866947601	0	0.0020401178846255	0.018839348910079	0.0307471585707466	0.0115084117325826	0.00442777759978259	0.00519107291768163	0.0106849453072674	0	0.0118271093146723	0	0.596481206856421	0.806751700289922
141667101	0.0240375096063129	0.274532919180683	0.368997167912228	0.0703008417137986	0	0.0343793070908548	0.00463080482083317	0.0509729211899505	0	0.00412267769320563	0.0457067532309154	0.0556801974991075	0.0163171478253566	0.00389783711153523	0.0211958933134543	0.0129443035731997	0	0.0122837182385645	0	0.571639351606308	0.824491869125512
141667085	0.136321463842685	0.358795300547437	0.268301689498961	0.035701639282485	0	0.0309632270228771	0.023021963973506	0.017450366982255	0	0.0191066404305946	0.0377677275646325	0.0278056344152704	0.0152488312470775	0.00413746990028724	0.00592984462719513	0.00728559080956185	0	0.0121626098551743	0	0.593084638973798	0.810186352242834
141667259	0.0063976500845884	0.346650396075916	0.344453515967194	0.0612982178074961	0	0.0484875638604822	0.00514281219448172	0.0304028691310735	0	0.00634807477779393	0.0389305961415907	0.042282565097108	0.0150358643231221	0.005032310744044	0.023892165218522	0.0136888148066284	0	0.0119565837699589	0	0.562078797723778	0.828979851479698
141667243	0.115142272124539	0.410342426916254	0.228171851640411	0.0155928667410852	0	0.0379534056342365	0.0254384619940311	0.0151213536041355	0	0.0171037581431909	0.0290443259424936	0.024345258480072	0.0158744798930981	0.00499532089875438	0.00430581878690782	0.0385772311128646	0	0.0179911680879256	0	0.559107814442279	0.830443092545703
141667149	0.0508222966740067	0.453158105551148	0.197274292151282	0.0616224499396577	0	0.0509371350021838	0.0542894261798624	0.00854853534659043	0	0	0.0413300107354463	0.024707846018594	0.0164109607855498	0.00355900720312979	0	0.0253485039290568	0	0.0119914304834925	0	0.575115745130578	0.81940852764172
141667165	0.126233059397465	0.368377844567887	0.192955396542674	0.0831851750864861	0	0.0380466737013828	0.0495869518223475	0.00330306809585885	0	0	0.028745527996865	0.0268653234416323	0.0160139215106978	0.00587749441557881	0.00567146891611027	0.0380295392012701	0	0.0171085553037444	0	0.586067619503786	0.81415490186669
141667239	0.108785352487231	0.388669560677636	0.202973358294796	0.0756071048878711	0	0.0548550815435198	0.0243511411747525	0.00836529736694853	0	0.00368032903581394	0.0166524141854744	0.032002350668219	0.0164828942839764	0.005675733277854	0.0130454534129032	0.0337366029744131	0	0.015117325728591	0	0.576937143084004	0.819547627283161
141667223	0.104462376163628	0.442131782071857	0.164096832491299	0.101904729000891	0	0.0527967392514488	0.0247640244597774	0.0104613938748572	0	0	0.0257694738316198	0.0293303159498626	0.0110969801324463	0.00594702752938219	0.00713848479568387	0.00755553605368854	0	0.0125443043935599	0	0.567568944093177	0.824612311497633
141667097	0.11915986161445	0.478839188228425	0.159809110113448	0.0470219224819463	0	0.0393857939089497	0.0128699671015752	0.0148517974072929	0	0.0156328855328745	0.0211425775938322	0.0237125550790987	0.01463677445794	0.00578643443095006	0.0042687983456709	0.0292689248100451	0	0.0136134088935021	0	0.597643034608748	0.804687226947048
141667081	0.0950593522655956	0.469269029576567	0.174813207393781	0.0917037941836784	0	0.0504113824789198	0.00176259707371063	0.0170387620798417	0	0.000644427001805154	0.0222606097436959	0.0309422608250592	0.0100145822958025	0.00485144397887201	0.00401725160363546	0.0157096422585926	0	0.0115016572404428	0	0.620546744889719	0.78936306549264
141667161	0.110246635600813	0.298949520032617	0.201332583965273	0.126345463254585	0	0.0621130146975858	0.0288761708774263	0.0232367057782654	0	0	0.0265316445196924	0.0460671676919663	0.0114320641131526	0.00536032790419326	0.012835633760072	0.0340735702526169	0	0.0125994975517409	0	0.578084413050938	0.820658021948445
141667225	0.170293582632494	0.373153947230916	0.164417653121303	0.0532586209112675	0	0.0475861499933951	0.00647420444063944	0.00964505010159146	0	0.00675072999814322	0.0130422349551215	0.0299482987745377	0.0190802703992913	0.0070937422552597	0.0102711911290589	0.0719688421817049	0	0.0170154818752765	0	0.567155105935722	0.826085767383253
141667115	0.152426830438922	0.391621135447486	0.186051399793213	0.0347423084565389	0	0.0549165784531255	0.0227726989116038	0.0129104022189997	0	0.0118106019104957	0.0195937165967769	0.0367295095156247	0.0206810922798009	0.00636137901997496	0.0125186075222361	0.0236136061461781	0	0.0132501332890247	0	0.602242447531214	0.80391357968817
141667099	0.14493902547806	0.369463178082774	0.180702417457475	0.0516230877008584	0	0.0461583012999394	0.0347372001945188	0.0198986306212813	0	0	0.0347366977404044	0.0306068732896354	0.0160909378980495	0.00447616017096092	0.013393173878989	0.0395085333841449	0	0.0136657828029093	0	0.588998784024246	0.812580868568348
141667257	0.196763007515677	0.307814187071998	0.18190408666817	0.0850672671801392	0	0.0590893977181333	0.0289937100863176	0.00973486440386424	0	0	0.020574235089092	0.0384874959938483	0.014857248773313	0.00571037266716688	0.0137835731858485	0.0215459330179077	0	0.0156746206285244	0	0.586003963441707	0.816044954416141
141667147	0.195870441392496	0.342534395927035	0.20085532636321	0.0450411425044613	0	0.0543191638595848	0.0347356118188648	0.00620181318064287	0	0.00617811841563151	0.0234502443145138	0.0268441522420423	0.0156049330696568	0.00644422827826071	0.0139164580122821	0.01115168557925	0	0.016852285042068	0	0.574921717423094	0.821896830424979
141667191	0	0.570379582082926	0.146256743826405	0.0528990435799427	0	0.0664314044654515	0	0.0313497913205925	0	0.00833229578942413	0.0630843696336671	0.00819128110849561	0.0128823194590055	0.00375038980568625	0	0.0185416515967184	0	0.0179011273316847	0	0.654199701242511	0.762806705903198
141667111	0.258273643445887	0.260113141769391	0.156874174579777	0.117727184693094	0	0.0557470919616519	0.05154952024976	0.00215171344459284	0	0.00131798128744098	0.0147528766321081	0.0163460768658223	0.0113234383344722	0.00491680696091004	0.0262761081949759	0.0133291504299512	0	0.00930109115016647	0	0.584124447821775	0.817729246669568
141667095	0.257862605982797	0.333732573571746	0.127765198146037	0.098634926703162	0	0.0441307839996717	0.0115577225189996	0.0175373592328332	0	0.00959345189758338	0.00757725058870106	0.0399345665047685	0.0106956294409922	0.00402497764605998	0.0190379367196545	0.00412462488765804	0	0.0137903921593364	0	0.605026426340385	0.80386571819101
141667079	0.27268994743563	0.293722680837974	0.154527269489228	0.0402934341020261	0	0.0452954379793686	0.0383640382006445	0.00840361047087896	0	0	0.00598296343915645	0.0298684742736025	0.0154756468733897	0.00766484817327122	0.0389371843060871	0.0332638878455457	0	0.015510576573197	0	0.572512652687998	0.82410593381982
139409891	0.202006380327605	0.353807447194834	0.159250050811122	0.0725059518134488	0	0.045164133380095	0.00491328610392989	0.0121932385104206	0	0.00790614898618063	0.00899984435406448	0.026636706090847	0.0152356165763503	0.00557636486748023	0.0044769541987045	0.0670316905054493	0	0.0142961862794678	0	0.583615094286455	0.816436431545639
139409875	0.267731537150351	0.208751162715233	0.189706863865595	0.108670730089439	0	0.0521855579161058	0.0523828581567723	0.0195077999824476	0	0	0.0148300810276706	0.0318978315330463	0.0138607685659712	0.00775991658723573	0.0141745642615078	0.00400049470558	0	0.0145398334430445	0	0.573215514528217	0.825745640985631
139409843	0.0193116028128243	0.503175994027744	0.136384017135667	0.142706752468608	0	0.0515937930983495	0.013160893305381	0.0152808469344699	0	0.00696434312668118	0.0188175588577838	0.0293765768357938	0.0188266651107783	0.0077569162809399	0	0.0167859562242545	0	0.019858083780725	0	0.596094068840165	0.804995505524037
139409827	0.0592626934348023	0.345978945648844	0.214163160874904	0.105482478258071	0	0.0501636353434151	0.00849550623159078	0.033922228122275	0	0	0.0226263939499565	0.0438739403910214	0.0185486952510449	0.00492667699196981	0.0111569926762091	0.0627609519345548	0	0.0186377008913408	0	0.572814546983254	0.822913890251952
139409781	0.0802878367265271	0.454518903641638	0.138251282773467	0.0789904519185015	0	0.0423858801767198	0.00979941038171091	0.032595544221527	0	0.000530929520179651	0.035073898899542	0.0449252510338599	0.0123928070057171	0.00453124620567792	0.0132065405807661	0.0390065494029674	0	0.0135034675111986	0	0.617690129434537	0.792000887285234
139409763	0	0.454568647251843	0.218696641950867	0.0924942025744242	0	0.0539038110875557	0	0.0339934490137611	0	0.00372929118896315	0.0252811043143639	0.0365309797145998	0.0140366102760185	0.0042889469673931	0.00702992924321089	0.039675727427045	0	0.0157706589899549	0	0.600812200292945	0.802784155010675
139409783	0.250265925265831	0.228642950976261	0.196486631950031	0.092136725491604	0	0.0599463977971184	0.0407729290578146	0.00214645754273222	0	0	0.0123403265760278	0.0355527439363557	0.0142426893429322	0.00625563076309065	0.0215735211222093	0.0259449544038157	0	0.0136921157741755	0	0.568002262377734	0.828266301498691
139409909	0.243510439115926	0.350078481704498	0.159194669115732	0.0659334984849254	0	0.0444459553173942	0.0107815624807117	0.0101790990332154	0	0.0132106416908502	0.00694369521110857	0.0314075277597981	0.0145874554791897	0.00523517383577553	0.0106206725599441	0.0209048542655496	0	0.0129662739453818	0	0.58174848099435	0.81782422865639
139409893	0.223227331389984	0.349791577367443	0.15952087466994	0.0538961046440036	0	0.0480654420845522	0.0169319788424012	0.0160745398061645	0	0.00626608155342682	0.0164706215527827	0.0338601621547712	0.0139134077534329	0.00480158370824959	0.0164017558237518	0.0277768707025148	0	0.0130016679465813	0	0.594722722162554	0.80982067650795
139409877	0.163386171372417	0.350877966200117	0.201608732288859	0.042131301400449	0	0.0566719623426523	0.0124021860694589	0.0139958535352983	0	0.00562800445912638	0.0166505398557721	0.0311237591639168	0.0159058004255904	0.00592432094922942	0.0131657755532858	0.0528370884060817	0	0.0176905379777457	0	0.575909562118865	0.821208542639126
139409829	0	0.515826985953083	0.151848864468224	0.109642165938845	0	0.0431810506575605	0.000732240125577639	0.0171351339306787	0	0.0107683023046142	0.0260629752703569	0.0206986709981461	0.0169745471270485	0.00715714215634326	0.0122733613932599	0.049692343217997	0	0.0180062164582663	0	0.636230238162791	0.777091336001112
139409813	0	0.544573483599518	0.127414768065323	0.0804179930284645	0	0.0288660047955363	0	0.0709271193664203	0	0.00484208848380478	0.0663003253264299	0.0185751791656968	0.0166994574322575	0.00425890155468721	0.00463961230973099	0.012452639345978	0	0.0200324275261531	0	0.636623107245045	0.776502930011368
139409769	0.108335697933886	0.349155380795578	0.250709107453513	0.0478348031602014	0	0.0602190208840912	0.0071818049484024	0.0124095240555113	0	0.0100266197809022	0.0111336326998806	0.0333940459064002	0.0236163705908466	0.0154878151192621	0.0236128205047136	0.0232022401317164	0	0.023681116035095	0	0.593088604655325	0.810521972108303
139409753	0.200784783533548	0.471946876153682	0.159692420414118	0.0063002219362694	0	0.054299948786321	0.000566367690488869	0.0190238761799302	0	0.00367123438682256	0.0343634468209203	0.00860342768010583	0.00980896926320149	0.00364644960333813	0	0.0076472295592222	0	0.0196447479920321	0	0.623251904822128	0.788019610070291
141667141	0.182957417444413	0.318125442900454	0.18064966056719	0.0949295072234266	0	0.0588126011456209	0.0264735436563287	0.0261359773737459	0	0	0.0201768282568079	0.0266800794600017	0.0143718472870579	0.00514999924205469	0.0161327540070241	0.0187227893065089	0	0.0106815521293666	0	0.600978093232378	0.806527525313576
139409873	0.210527284609205	0.340643933376546	0.148427237150371	0.0732194036346488	0	0.046251285987587	0.0199201284303017	0.00378200925665845	0	0.00667840004998803	0.0141198033806526	0.0258207179744198	0.0124916458008517	0.00726357654456756	0.0261867130347166	0.0476024935543764	0.00104513716002976	0.016020230055079	0	0.55107930264582	0.836249268727759
139409871	0.0814456504941458	0.40622999288043	0.171750511609938	0.0733209949424136	0	0.0538471435675267	0.0440243609059745	0.0275900984165245	0	0	0.0395728756635542	0.0350759216849482	0.0170633295610558	0.00792646155924085	0.0175433208281738	0.0091112496210159	0	0.0154980882650586	0	0.603655473964587	0.802094440273454
139409903	0.0773300662849171	0.546850567272029	0.151320055073209	0.0135806301789842	0	0.0608699197259625	0	0.0340756838207096	0	0.00403856841810808	0.0472644400831042	0.0202197316105319	0.0134955498914521	0.00386678221552355	0	0.0104647430150245	0	0.0166232624104447	0	0.634255087740817	0.77818174972706
139409777	0.119669927627429	0.343396402207961	0.238033499966442	0.072557731952196	0	0.0526588099514513	0.0119217870543556	0.0221400767862042	0	0.00407827144008808	0.0160126894965279	0.0423063959945588	0.0149936641387096	0.00482147003813111	0.00664884849879333	0.0335491923514853	0	0.0172112324956669	0	0.593806514357574	0.81032957819933
139409745	0.17050124782786	0.397798865312796	0.129825288386644	0.108968108203441	0	0.05631605813659	0.0209946891204919	0.00469257719119312	0	0	0.0103707360805016	0.0337440534645942	0.0159116890664131	0.00630830042207586	0.00415435504421909	0.0247125353749909	0	0.0157014963681891	0	0.581292658434703	0.816880866175266
139409919	0.0571854664886068	0.508509179317558	0.0927086271558898	0.15599062921964	0	0.048592930803926	0.00251011612300699	0.0156888659720446	0	0.00124898073071255	0.0205622763298181	0.0305885715412519	0.0169843016054404	0.00797861274543026	0.00257827160899936	0.0191369454151231	0	0.0197362249425522	0	0.612703802122809	0.793806878321979
139409791	0.276843308777906	0.265346499310926	0.183938260350934	0.0596153380865446	0	0.0502191188215244	0.0145489587866698	0.00984820934147624	0	0.00686515145797697	0	0.0406695829021724	0.0167740207065287	0.00523783382289783	0.0199018786688639	0.0331145656472135	0.00196420916909963	0.0151130641492666	0	0.558863941857592	0.833204936382283
139409759	0.146043949862964	0.334562288550101	0.190556826646696	0.0643399004349515	0	0.0684380885079609	0.0203617638978064	0.0320309723204855	0	0	0.0120772554635231	0.0481698808352358	0.0170753009277874	0.00409266489551129	0.00978585824996823	0.0348060083579293	0	0.0176592410490794	0	0.594142775578659	0.810590544613853
139409869	0.174939622521082	0.28257145769059	0.207174244044596	0.0942835561671829	0	0.0740192196846158	0.020151099458625	0.0133234508786979	0	0.000713569349462424	0.0053148243386112	0.0395657966692417	0.0167368085871538	0.00507753439510715	0.0136075135943451	0.0363654528471701	0	0.0161558497735195	0	0.590824042753286	0.813747896141342
139409853	0.0718279706245422	0.484908280133173	0.160106561522249	0.080101618290323	0	0.0655363546302772	0.0109836534495881	0.011926791416657	0	0.000397210243384761	0.0166583423412733	0.0280354591765941	0.011476923291614	0.0061122949332797	0.00461744394617693	0.027833063231477	0	0.0194780327693913	0	0.622854830505752	0.787437375908806
127686979	0.0700403757795711	0.436345711651434	0.163271995513209	0.0924273224145112	0	0.0632180643133558	0.0592319337063826	0.00161797231435578	0	0.000903348115839227	0.0339953971374288	0.0189183977237598	0.0193050551423864	0.00936970908299536	0	0.00907954550820681	0	0.0222751715965634	0	0.586829347362546	0.812174324091343
127686963	0.0484670420091833	0.419141266158001	0.199331207826065	0.0783167045390966	0	0.0500997486437136	0.00700819738573185	0.0154979659938977	0	0.00441158285062258	0.011701698878008	0.0292475851957751	0.0196434408112221	0.00551264758752817	0.0143576721680653	0.0782759872655596	0	0.0189872526875302	0	0.590013886270869	0.810455901966338
127687011	0.251660853018723	0.309480901061031	0.175391480104225	0.101292293695505	0	0.0512511866124271	0.002739463653058	0.00887832175550619	0	0	0.00859436759232041	0.0342187018293963	0.0118535196788917	0.00613326717564548	0.00195924713031934	0.0185068045350471	0.00273208887914169	0.0153075032787637	0	0.572197667283081	0.824506252206722
141667109	0.183507762333728	0.355495491468196	0.153923538266262	0.0583694960004116	0	0.0441956969940578	0.00816182109804688	0.00976418167389643	0	0.00379888737957342	0.013776021161841	0.0203602015477567	0.0159126823692928	0.0058820209879995	0.0152662530935465	0.0940783413831437	0	0.0175076042422479	0	0.557566301326234	0.831963328526299
127686975	0.0406988520841345	0.471240900493092	0.150099201250745	0.0984792083873505	0	0.0608034493071597	0.0299214033939953	0.0154232142796163	0	0.000948849332332865	0.029762124373378	0.0359182649444491	0.0142184636284664	0.00415996014281108	0	0.0285427253634524	0	0.0197833830190173	0	0.618812482180628	0.790510488190202
127687023	0.123560197102544	0.454046524150969	0.156485075738541	0.107273560753424	0	0.0472188473101025	0.0303029075702915	0.00493725974058326	0	0	0.0107937001680283	0.0291991172039985	0.0132740971415951	0.00513825488546375	0.00672173684084995	6.94099300659109e-05	0	0.0109793114635446	0	0.594761170250696	0.806682530866758
127687087	0.124900015072471	0.3830876056896	0.15317813089006	0.0793309579530494	0	0.0639604707279011	0.0456253163818497	0.0187184567647754	0	0	0.0285672136703858	0.0373429869847207	0.0151150913540445	0.00508068970906767	0.00422562805528168	0.0240715891745505	0	0.0167958475722424	0	0.602527318369705	0.803734587780357
127687009	0.257220436695597	0.289750639759175	0.171257225507592	0.107989966559214	0	0.0496214280195222	0.00576547610812925	0.0117059481598184	0	0.00579528182778213	0.000362812159860714	0.0383946003068989	0.0118776998682355	0.00621456249084867	0.00430210654400692	0.0189084864842047	0.00403396372424954	0.0167993657848645	0	0.564682196419768	0.829448191059726
127687115	0.0993752551795316	0.364158557198839	0.194793027195887	0.0863025740838061	0	0.0573495840552649	0.0405808528412551	0.00449880881857276	0	0	0.0166737931355578	0.0292444392574119	0.0179303227081336	0.00612142233248374	0.00669850460575373	0.0572224860794435	0	0.0190503725080593	0	0.553801304167393	0.834093292483915
127687099	0.0834046965853951	0.389681591509661	0.181180283712673	0.11987565550705	0	0.0771067076292866	0.0394960381750264	0.000489711549422628	0	0	0.0215674418462701	0.0277879312238838	0.0143421514909031	0.0049730606692911	0	0.0221278446850309	0	0.017966885416107	0	0.586212725499419	0.813551932990878
127687069	0.144745031786787	0.390049386867653	0.175740878176816	0.0936335274621574	0	0.0418274540320018	0.0438154033754168	0.0198751815520518	0	0	0.021087776421714	0.0342152856295385	0.0116710320942899	0.0053665190324317	0.00540612357326313	0	0	0.0125663999958791	0	0.618914855727355	0.792672176126617
127687053	0.142602332863915	0.299892211453698	0.218461360441034	0.0881329375621768	0	0.0661523332703627	0.0409471117930421	0.0153685535620819	0	0	0.0192816326694063	0.0396485173472066	0.0149068629701363	0.0055868137206428	0.0117463106200625	0.0210983473146355	0	0.0161746744115994	0	0.601411687718914	0.806565884870319
127687081	0.213242875260247	0.28625708933631	0.200595129586525	0.0526553409805362	0	0.0413823492509387	0.0403011750787065	0.0107958305418555	0	0.0220234923953237	0	0.0323272428665067	0.0159599173740938	0.00503738657476255	0.0197177643636831	0.0355220127971903	0.00528026739156729	0.0189021262017529	0	0.569260398754894	0.826531114529261
127686971	0.249668601863872	0.323944190145643	0.155609975711058	0.0815951083524149	0	0.0433847826581487	0.0352776335014518	0.00816596387517441	0	0.0165548128170553	0	0.0272682494448411	0.0136340001090002	0.00562699069512449	0.0210592441932803	0.00570676318264704	0	0.0125036834502884	0	0.584456036353946	0.816409323576397
127687035	0.159888635862807	0.334949662634746	0.205012009966003	0.0678519135410283	0	0.0497434999003672	0.0657304524126031	0.00314593878060464	0	0.00738849597354006	0.0173080825545538	0.0172576180031902	0.0155908941372454	0.00651217482754361	0.0180331297480566	0.0132577020843918	0	0.0183297895733195	0	0.577512959349564	0.81996726197534
127686953	0.185138193805011	0.29935121592514	0.218219666101803	0.0821320717371083	0	0.0373453795142452	0.0342265872293183	0.0269532897358291	0	0.00281402528013861	0.0111927991299419	0.0361237127819074	0.0152865142943757	0.00461256472790377	0.0200258192920511	0.00631050221821609	0.00243831544610725	0.0178293427809027	0	0.593092840967315	0.811792541958567
139409757	0.247206413445817	0.22121788082843	0.243592960521092	0.0564206774548755	0	0.0481602475370832	0.0330158057441611	0.006878545790831	0	0.0071357639826691	0.00681723600695065	0.0328317119278878	0.0129373416410938	0.00907637163106732	0.0347184644562901	0.0202221343574111	0.00256045700683167	0.0172079876675093	0	0.362872093837519	0.939088539960497
127687017	0.163650714719501	0.317914057371738	0.199060652773751	0.0966624230943631	0	0.0516663030601083	0.0711590691352883	0	0	0.00296847885126934	0.0207108564102516	0.0162514678465333	0.01704047694667	0.00641453169426133	0.00334946054711216	0.0159560349921432	0	0.0171954725570096	0	0.563137493100884	0.829052812887318
