Mixture	Ex1	Ex3	Ex4	Ex5	Ex6	Ex8	In1	In2	In3	In4	PVALB	SST	End	Per	Ast	Oli	OPC	Mic	P-value	Correlation	RMSE
126432538	0.175100362304326	0.173009790167264	0.382555556606488	0.0514203713865347	0	0.0632674013032739	0.0135494050512703	0.0154067921162865	0	0.0119965145396408	0.0174855811860389	0.027973610005165	0.0161634486933152	0.00353026026585159	0.00904543058507551	0.0351247568998914	0	0.00437071888957775	0	0.569819705609793	0.849020222562176
126432216	0.253808664335257	0.126458170500043	0.258302916602712	0.127581412747803	0	0.0613428056444989	0.00782441621621427	0.017861829388496	0	0.00209377700380379	0	0.0524821281085031	0.0209887227838633	0.00419392365790434	0.0363728226941575	0.00595637758200423	0.00842121874975462	0.0163108139849857	0	0.570823895465839	0.848540590828074
126435075	0	0.324952879543935	0.397864936712873	0.0863787638176833	0	0.0353632145693139	0.000913866513898857	0.0300329367258271	0	0.0225259797295593	0.0264885436111562	0.0122439999434626	0.0230188268923841	0.00261720678687372	0.00705864560594052	0.0159006441159729	0	0.0146395554311192	0	0.570958331390344	0.84327581607388
126431705	0.0845341039765592	0.313928064116349	0.227847622081419	0.146391237536752	0	0.0602462573181485	0.0442791384833976	0.00550971458133273	0	0.000873239007722269	0.0119164851337438	0.0313160622397566	0.0168563149846567	0.00293513905528485	0.00713201991476088	0.0326391001869105	0	0.0135955013832065	0	0.567814925011076	0.844724937685565
126434371	0.236272552444042	0.0726873261073858	0.29776464907358	0.111360789434193	0	0.054752326285305	0.0218460258397587	0.0197007746212494	0	0.00133697801798484	0	0.0480099837277102	0.0174768095572386	0.00469634448817246	0.0357778921007514	0.0549825159137057	0.00525593637867764	0.0180790960102462	0	0.545418474861147	0.859236160766125
126432638	0.266052510974207	0.139989667171597	0.25976986818453	0.118811715350531	0	0.0414411349886551	0.0462068247157507	0.0164792612527104	0	0.000417951841471464	0	0.0339078921664478	0.0144504822541011	0.0036145227283037	0.0202807062787605	0.0155206197180613	0.00417964961929149	0.0188771927555819	0	0.553578199100077	0.85642199713434
126431655	0.234192722626934	0.168763885658356	0.243306233067748	0.136741965393023	0	0.0398354832727812	0.0211752628644623	0.0142355290859192	0	0	0	0.0480448024238426	0.015378864452014	0.00216860624386965	0.0114227870153435	0.0430989548030827	0.00432016675786464	0.0173147363347601	0	0.538587055519941	0.862500788089151
126432588	0.14983817245704	0.120279950713577	0.316182985319694	0.150128666934684	0	0.0770117518519252	0	0.0328504548302332	0	0.00118668177498055	0	0.0592953201009277	0.0170018764089399	0.00407180680482988	0.0231131052269861	0.0384403103490609	0	0.0105989172271221	0	0.562302968016806	0.852911741431568
126435758	0	0.392206747271582	0.278047890339268	0.117148009479278	0	0.0438848098381581	0	0.0242226705671855	0	0.0188953974385972	0.0214236569136219	0.00797845591302282	0.0210680444336713	0.00299990885005868	0.0112230543486416	0.0450868833656142	0	0.0158144712413002	0	0.580818841762859	0.835945448950334
126435041	0.162293736724923	0.225359547682828	0.247473415461189	0.0642464455359824	0	0.0182436064444208	0.00548242113080872	0.0215953237058715	0	0.0165385466476558	0	0.0246060348714857	0.0219502599555916	0.0034447439374403	0.0229973458592989	0.14384172317091	0.00272146186177002	0.0192053870098246	0	0.539500234264714	0.855444402746848
126435073	0.0657304310326617	0.331788471417796	0.257550658935442	0.0566383691311928	0	0.0638605207579895	0	0.0366393259566971	0	0.0172975944682797	0.010620008828102	0.0150140329285394	0.018170659440641	0.00776821615038299	0.0643249500831459	0.0309256990035456	0.00860571789498205	0.0150653439706025	0	0.561188457454741	0.842520490721133
126435137	0.183903547360561	0.34965758576813	0.199304413185898	0.107606928224726	0	0.0384293340803491	0.0251574825731547	0.0205086988041131	0	0.0147981838552095	0.00685521971083117	0.000873532111966352	0.0151220444996984	0.00273880965649477	0.0144642050160325	0.00584798683045149	0	0.0147320283223837	0	0.546958829539819	0.853443363595608
126435105	0.137770322296188	0.422811257365299	0.17211886980042	0.0995017530074345	0	0.0392834745062329	0.0389201996041383	0.0102413824143594	0	0.00680748727493511	0.0128705210348044	0.00417031049802882	0.0154142239068161	0.0030710825273947	0.0124165942973946	0.00816056727121825	0	0.0164419541953359	0	0.551770066525854	0.848758379640351
126435011	0.162217327667733	0.313107680352818	0.275426465774962	0.0252507048089918	0	0.0263725173691021	0.00663533125751979	0.0176881466915434	0	0.0171088110544873	0.00271528633451411	0.0220162949620135	0.0202149290740434	0.00633788241677469	0.0505625892651109	0.0432135437163789	0	0.0111324892540076	0	0.575913164789046	0.837495171489864
126434979	0.0318188449296737	0.314734682231183	0.260295104919672	0	0	0.0316674236972476	0.0287952891631586	0.0135216796291826	0	0.0290857790171808	0	0	0.0381319195548327	0.0125311893233199	0.0662587371155272	0.149837681162387	0.00151631800138995	0.0218053512552447	0	0.506490467714333	0.865216120520317
126435153	0.0809299209303093	0.354050163207668	0.257889966922389	0.0416446894751221	0	0.0449600637655651	0	0.0251324670804506	0	0.0175240169537535	0.00604051635061467	0.0133222000405144	0.0185026023044445	0.00712703516547156	0.0672865936959329	0.0504804116978743	0.000820673205571141	0.0142886792043191	0	0.574784869295611	0.834264187923926
126435027	0.165579328987686	0.261376796785858	0.249026245477363	0.115111589186012	0	0.0456651941610921	0.0225789881167851	0.0174735356907488	0	0	0.0115278385169145	0.0283883870290744	0.0133726721221251	0.00416203848418132	0.0237614571046844	0.0252056472276859	0	0.0167702811097895	0	0.55943597997424	0.849917888110228
126435091	0	0.362976195550918	0.335941096412839	0.0993143867735644	0	0.0193041889692071	0.00123779899016519	0.0415283661932257	0	0.0174039248595012	0.0457821681287585	0.00969614729639452	0.019983765297469	0.0021123470790978	0.0138618546369605	0.0143388282418167	0	0.0165189315700825	0	0.569008656672746	0.843040709295433
126435059	0.0598229832580559	0.233171888394537	0.35862382952894	0.0106725899739298	0	0.046199291350897	0.0117641010406615	0.0144512061119161	0	0.0349870882923071	0	0.0112430696566103	0.0432926099392685	0.00901266858094128	0.0536448953277482	0.0886108050619203	0.00373276027904186	0.020770213203225	0	0.502022498232665	0.871183226262124
126435155	0.206069317410555	0.346968331181773	0.191048000141468	0.0726778569377164	0	0.0373591452678456	0.00402684141043636	0.0147420081795407	0	0.026885522514963	0.00087918670038936	0.00740429030516029	0.0201807445324511	0.00398804535183538	0.0215010532068371	0.0311319114135453	0.000699020564898944	0.0144387248805852	0	0.552318661792607	0.850847929155283
126434997	0.136770247827414	0.459906226972722	0.188760195600842	0.040724279735063	0	0.0370930387017314	0.010287864556353	0.0176056320901309	0	0.0219944271593937	0.0175324869927989	0	0.0131382466263668	0.00584259192479231	0.0355866748684072	0	0	0.0147580869439842	0	0.585439379384837	0.830224996446893
126435125	0.180863975297223	0.382311884703623	0.197398925850837	0.0498172093017378	0	0.0307769016185148	0.0112502612522111	0.0137189851235008	0	0.0283122459390236	0	0.00858745248833993	0.0216792463725014	0.00353909859530337	0.023086482516811	0.034782925224768	0	0.0138744057156051	0	0.552658789249214	0.849318540087122
126435093	0.0810927509163383	0.265491349967847	0.241011725700777	0.075067323349809	0	0.0322856161875078	0.0141530576688819	0.00988367535055076	0	0.0184646102320244	0	0.0120796805032598	0.0367738863753427	0.00502359951744097	0.0389792784811048	0.145273100074306	0.000924600215372888	0.0234957454594377	0	0.516716579647833	0.863306806275346
126435095	0	0.350837312640015	0.258318381785687	0.131294966287007	0	0.0301167504868389	0.00961654484826594	0.0488402102392719	0	0.0161313560676256	0.0180103276355858	0.0165938282853579	0.0256880174355287	0.00469044265541035	0.0274251959853402	0.0400391073253401	0	0.022397558322726	0	0.515830535859014	0.866366863792854
126435063	0.15357777461346	0.280651566092956	0.245393574990282	0.0879018964447957	0	0.041120760253854	0.00748776751946215	0.0171768407532952	0	0.0181333547771392	0.011449500631294	0.0354370065621391	0.0161251778735555	0.00310586164590462	0.020435887982843	0.0431803036095034	0.00322374016049986	0.015598986089016	0	0.541384371217809	0.857769859615253
126435009	0.144398489789408	0.251167814024335	0.253099198380752	0.0217008942528961	0	0.0332918180337581	0.0174528226885334	0.0160303633785659	0	0.0271034702035137	0	0.0199909308537348	0.0331591984559493	0.00830752176325023	0.0650076104243411	0.0885823216743177	0.00278310166730813	0.017924444409337	0	0.542443409348558	0.851479632288996
126434532	0	0.317597691239967	0.290828148981761	0.118209052764316	0	0.0348852531384177	0.00954541303548716	0.0546907165450575	0	0.012712745039482	0.00463305742443824	0.0131487924614369	0.0325018990908557	0.00544589339016706	0.0400120879470386	0.0397622565973888	0.00458025046652877	0.0214467418776577	0	0.490479299498548	0.877295342887388
126434469	0.119472360306802	0.316447564565834	0.237623234493467	0.0816790051291083	0	0.0433197610329731	0.00101805067618565	0.0182139686823943	0	0.02579234709836	0	0.0357218338965245	0.022502522181715	0.0047636547491059	0.0386527855089689	0.0411893784332838	0	0.013603533245277	0	0.550546949123249	0.850881922822384
126434359	0.245083632576384	0.0946923251160695	0.318666787315201	0.11210029925601	0	0.0512444201920306	0.0533955410588071	0.0088865237559573	0	0.000536389311132397	0.0224944421614048	0.0318125204576268	0.0175615847953075	0.00336421460049798	0.015179310785337	0.00991833971183878	0.000623732851041723	0.0144399360553534	0	0.572617621243612	0.849930099024311
126434583	0.189298342448833	0.131318817455134	0.30059667176951	0.143808786466801	0	0.0652822052519976	0.0639393282879846	0.00304665291566395	0	0	0.0177000812481057	0.032764476064457	0.0148013287212293	0.00311679388148427	0.0121518931386826	0.0093088574772617	0	0.0128657648728553	0	0.573830723759399	0.847748878023155
126434565	0.171393012697724	0.244201347019426	0.258419083636275	0.120518269514303	0	0.048686965404739	0.0502643815517757	0.0032027245092395	0	0	0.0162552009656626	0.0335273994179774	0.0141930186243637	0.00277431590374397	0.0105855627227668	0.0131893910121162	0	0.0127893270198875	0	0.565565487816193	0.848284682789822
126434472	0.21672986309123	0.258621748821443	0.225432137091844	0.0930609656484897	0	0.0441930632363685	0.0146059108128148	0.00923754772820348	0	0.00894804006846527	0	0.0373817313425681	0.0181176231981514	0.00299092630605267	0.0195258005434714	0.0343156038359881	0.00299891228609031	0.0138401259888185	0	0.534690934881158	0.861214915004076
126434329	0.259540001917265	0.196012649363264	0.223647079936352	0.122856104379608	0	0.0402014733901027	0.0498768320086578	0.00937210081297675	0	0.000180424902431117	0.0195185575635745	0.018494977980527	0.0171455968649111	0.00334572080101288	0.0175335216194998	0.00497076444024098	0.00130138835591736	0.0160028056636601	0	0.560876980070838	0.851856506316887
126434399	0.157913264370302	0.305305063276389	0.214208182439866	0.0939537762197591	0	0.049717691144683	0.0113850787349163	0.0219283002740136	0	0.0126750097653863	0.000353510779973121	0.0283106037438005	0.0185535745316522	0.00507631023896757	0.0445488421361582	0.0158544572277466	0.00813131121958438	0.0120850238968013	0	0.545562970757005	0.853130760833523
126434381	0.052141008355525	0.364681953388112	0.212293712267394	0.0498505248592412	0	0.0426532868922943	0.018693751047453	0.0144850427416633	0	0.0254925760833218	0.000578544576019484	0.0261594734849767	0.0331967929893485	0.00423245444395101	0.0418222397284289	0.0929897993479011	0.00184761387827735	0.0188812259160926	0	0.52520009519559	0.859447382457869
126434326	0.103180855546423	0.417882090705689	0.17512220467714	0.0854012023853347	0	0.0368652444198096	0.022228187697166	0.010256051363327	0	0.0198501422236597	0.00612550590295657	0.0263500435771163	0.0197774795549781	0.00281631501750426	0.019100012104731	0.0407517332030659	0	0.0142929316210994	0	0.541212267766203	0.853590487748787
126434502	0.117748385084977	0.296706156806745	0.231215592171323	0.06172819136966	0	0.0452175166302278	0.012695851452867	0.0172271102725617	0	0.0285415301695225	0	0.0237424508838242	0.0272605370554716	0.0071657149277391	0.0588855179357283	0.04884658025262	0.00368365881357811	0.019335206173155	0	0.517930657105784	0.863901267163613
126434483	0.134160846409189	0.303262565986665	0.265235601354398	0.0137665505501523	0	0.0453072943750825	0.00692181973020125	0.0216586946121393	0	0.0202928008937885	0.00303948659719957	0.0282284523623577	0.0221411080327683	0.00694248419386625	0.0603768083300225	0.0544071360693084	0	0.0142583505028612	0	0.561033717699261	0.843403348781622
126434463	0.205135759953413	0.189506330896891	0.278300934814282	0.124304046394622	0	0.0483140344936042	0.0427588485191653	0.0105654429426878	0	0	0.0133915989448222	0.0361574226982098	0.0127622822304817	0.00280230112654067	0.00820866282594034	0.0132890154534303	0	0.0145033187059091	0	0.560213624328242	0.852889755806963
126434397	0.298526474230493	0.124721320093874	0.254019811020834	0.103789296840085	0	0.0462139315717126	0.0233174765734513	0.0252714229206571	0	0.010806950483982	0	0.0204586369961249	0.0168810082802081	0.00428485744681105	0.0266135863083052	0.02079962411006	0.00671907221627615	0.0175765309071248	0	0.547159403673489	0.859392732101535
126434527	0.21806931176303	0.259358316791142	0.216767430186108	0.111267187010194	0	0.0524969042560485	0.0652505877877047	0.0127177217528182	0	0	0.00866687782335593	0.0133599858096918	0.0144392350361961	0.00307811504079728	0.00867507521733292	0	0	0.0158532515255812	0	0.569052840309093	0.846297050771481
126434322	0.265503817829878	0.127211821959822	0.281473180937287	0.12445623515268	0	0.0398381109149503	0.0118902503520152	0.0130301944214345	0	0.0106444396761736	0	0.0413020797925287	0.0147622597832566	0.00278011457913597	0.0192137537075113	0.0296144051327718	0.00437832928536918	0.0139010064751858	0	0.542184387512094	0.86186115697081
126434557	0.233444067218634	0.162009584142669	0.283371095380116	0.110014909331983	0	0.053296717865915	0.0242381512520941	0.0145975306238285	0	0.00121612257907259	0.00106740511449662	0.039464753987405	0.0178799576672662	0.00370603605340513	0.0196896280689686	0.0154217290207832	0.00445703719700096	0.0161252744963625	0	0.562574427881661	0.852298409256855
126434437	0.184669167258631	0.176994134243432	0.268176055340891	0.0846037860409491	0	0.0444880156285172	0.0252739234896785	0.0177520602054662	0	0.00800148161691985	0.00396509392058749	0.0416625840137747	0.017973252827463	0.00561841059850799	0.0369507355848654	0.0512439191444453	0.0125073410077777	0.0201200390780926	0	0.527723713415702	0.864424929441451
126434411	0.22905767131933	0.149199559314839	0.265842111941328	0.101905718420859	0	0.0687263646969713	0.0426515204700116	0.00668387411015586	0	0	0.00245685837848524	0.045990748325925	0.0165173662717672	0.00534541394191584	0.0236095841492748	0.0195478897202089	0.00329227495160624	0.0191730439873207	0	0.543322517092348	0.859935407205633
126434395	0.224708305552398	0.241756084025746	0.228880722378256	0.102549582452468	0	0.0416581766760961	0.0300088367685997	0.0226859422549961	0	0.0127765190071712	0	0.0166187232121097	0.0151602201627034	0.00359245139610056	0.0358888156143175	0.00560842658016364	0.00336357225839682	0.0147436216604763	0	0.55697792372878	0.850668133580529
126432591	0.0128921262170184	0.362454562408297	0.282548105696847	0.0943989650178953	0	0.0527488633514698	0.00508707737650961	0.0260382135513116	0	0.0298506795703235	0.032543590354461	0.0156668878718608	0.0242447179233561	0.00350968989210417	0.0184542545464107	0.0213877948227794	0	0.0181744713993559	0	0.581840430155801	0.837063875595578
126434993	0	0.348433791181544	0.29111194833653	0.122573320859703	0	0.0318874749916247	0.0181904823080581	0.0236771543485006	0	0.0265430757162622	0.0381518690983743	0.0194982244373232	0.0242362908969901	0.00205156176961686	0.0113670818000538	0.0236005567522928	0	0.0186771675031265	0	0.56065657022681	0.847321645807485
126432558	0	0.400188870307356	0.218825009455506	0.0507507007475747	0	0.0539043616931535	0.00541636512177478	0.0213328211583767	0	0.0238483966058016	0.00564683701744752	0.0176688470560598	0.027081978593206	0.00884545248584647	0.0784728390857314	0.0681804666593508	0	0.0198370540128155	0	0.566439941205636	0.835114528667496
126432608	0.134003964017544	0.427863929948465	0.173789826088486	0.0768370745419563	0	0.0372228088338192	0.00614230141283599	0.017428390285218	0	0.010172467864382	0.00944852892558973	0.0180817974949883	0.015664868001286	0.00425513761787045	0.0243567099639084	0.0319265535467371	9.9250626887717e-05	0.0127063908300256	0	0.558456273802043	0.845076665597857
126432640	0.134481825810395	0.204512080813243	0.276550224004196	0.111597019178793	0	0.0648628436746514	0.0177605811757636	0.0171199635459993	0	0	0.00399839897898705	0.049738616950547	0.0187006230588148	0.00431411170751485	0.0305263941481115	0.0406988422914742	0.00737364789308788	0.017764826768422	0	0.555174839652313	0.852617242984898
126432507	0.251833468777222	0.17096310518096	0.260197649612685	0.104121010319183	0	0.0474294082202954	0.031867126841857	0.024676234638461	0	0.0107863686791487	0.00369595915835373	0.0220690006740024	0.016047547092491	0.00448701776051415	0.027238900412617	0.00508898723875533	0.0043645573038145	0.0151336580896391	0	0.5741263930034	0.846552298430358
126432570	0.132236303776832	0.416229755829498	0.1491989962704	0.0638156216408616	0	0.0361527758047943	0.0235236956075512	0.00900919968160158	0	0.0175154359911007	0.00632604424447233	0.0266134562399876	0.0209348291284096	0.00311668817820282	0.0192767247978379	0.0567349230852362	0	0.0193155497232142	0	0.539912787896121	0.854181058182407
126432487	0.139377392358938	0.251429457607025	0.297829824646105	0.0902651298526882	0	0.0576685769216511	0.0243313467891623	0.0221317212049428	0	0	0.0138305559202749	0.0201095545342523	0.0146144787425311	0.00501353930313142	0.035402857343109	0.0127772319407528	0	0.0152183328354363	0	0.569952579458958	0.844194763910932
126432636	0.104819186675321	0.41387098188573	0.146739573241606	0.122200057270454	0	0.0482339949946343	0.0127893590917104	0.0168027537749116	0	0.00518998571072068	0.00729700673692439	0.0323278558759709	0.0174152297258342	0.00382250269560421	0.0265408972033114	0.0254223797529213	0.00271114647879282	0.0138170888855533	0	0.561985706621981	0.84380618713381
126432556	0.280050158015738	0.0979355973951597	0.286307943273098	0.117053179623928	0	0.0602173108860447	0.0302520396593192	0.0164717962867362	0	0	0	0.0437957138513147	0.0166058260345846	0.00306553668443148	0.0125137677505733	0.0192205143787784	0.00192918082199353	0.0145814353383003	0	0.56490996318842	0.853840109991583
126432505	0.256099308525114	0.119851543469864	0.250604780808251	0.127028215812873	0	0.0499367179365588	0.027456842007764	0.0115618089182231	0	0	0	0.0515242962563841	0.0164153444943492	0.00457211020056732	0.0266584650922452	0.0256597538035373	0.0122916979805011	0.0203391146937677	0	0.528225846615093	0.867114543543682
126432622	0.225332339527223	0.186691042288707	0.249757651434646	0.133754822741704	0	0.0549825764239725	0.0636275881415338	0	0	0	0.00661902037905839	0.0394278720037993	0.0159199774354809	0.00335579896577582	0	0.00219597363826228	0.000131778392796669	0.0182035586270392	0	0.549536438207769	0.857510531519145
126432521	0.380265856303236	0.0138413811041645	0.277871785962374	0.025438045884972	0	0.039128876878529	0.0880819000270884	0.021331786432073	0	0.046816266460628	0	0.0161070000527312	0.0298998996595033	0.00917403583441367	0.0283395436725782	0	0.00228722161174723	0.021416400115962	0	0.549723543192882	0.858940458401385
126432184	0.299757312251126	0.112379619781762	0.260970359628959	0.114013340455302	0	0.0373684736779637	0.014332424587947	0.0237886164227222	0	0.0188686734854637	0	0.031516897033919	0.0146211763173818	0.00338046377762431	0.0274488900672913	0.0239285720183263	0.00509789109404201	0.0125272894001688	0	0.541598349259174	0.862063107517481
126432150	0.227227386327596	0.0625671248578041	0.342224312370273	0.14362815582741	0	0.0424842044353059	0.0588511076122911	0.00599872993661461	0	0.00260243001450042	0.00787016640881028	0.0389114384875897	0.0175591720688692	0.00257984243724476	0.00927839413905215	0.0207471989337478	0.00186591759710393	0.0156044185457861	0	0.529177984337772	0.868296709307631
126432501	0.240331908086186	0.0664103399919463	0.338621630329109	0.125309946712281	0	0.053671743872363	0.0433479723339879	0.0142464322119219	0	0	0.00783188011052153	0.0368086952931028	0.0154193885532648	0.00335568634231899	0.0180301345889989	0.0209784231566368	0	0.0156358184173613	0	0.555368114575896	0.85743647178281
126432134	0.203383046379189	0.136049393654948	0.281540698483751	0.129312405622322	0	0.0471941703443737	0.0506046858510561	0.00446627839219374	0	0	0.00997084371957753	0.0493228865196064	0.0159664601953889	0.00317238000902054	0.01376736749157	0.0369100566334884	0.00296815928758049	0.0153711674159346	0	0.525338144685447	0.867973079943173
126432072	0.264023949166171	0.0921112860456222	0.287234368589377	0.101339060158743	0	0.0501314153209726	0.0367065370160338	0.0126490580003208	0	0.00216730964853394	0.000595144312366766	0.0449537421915619	0.0161438205300958	0.00422192566205258	0.0259496921293924	0.0383011222441782	0.00625148793456362	0.0172200810500149	0	0.540803639797632	0.862117445103567
126432088	0.179543706995558	0.252827444109891	0.241437056156791	0.118868916408147	0	0.0465715293982878	0.0212511011293724	0.020086021021218	0	0.00585953559773504	0.00384801489069854	0.0396928549728032	0.0168316365250442	0.00264075750334634	0.0268371277381143	0.00702788759884493	0.00401844638063284	0.0126579635735147	0	0.565809335611718	0.847523665424659
126431691	0.251160400735515	0.0830290580259863	0.288251281064295	0.1615989903659	0	0.061105456829721	0.0652879943714079	0	0	0	0.00755544173928286	0.0383870372617568	0.0159180278282478	0.00484949401623457	0.00344822512798303	0.00326005396124808	0	0.0161485386724216	0	0.550526487908784	0.859573411064888
126431723	0.225026422830092	0.0769814952243625	0.279444180611054	0.109762119318004	0	0.0795922110472921	0.022500809990293	0.015100354632948	0	0	0	0.0743576565693743	0.0216883881925962	0.00630325390405136	0.0461992380560902	0.00819031994604039	0.00978689396747939	0.0250666557103223	0	0.524629806053831	0.867525768562776
126431689	0.137336475448458	0.372344941010107	0.175573342720281	0.0853221884282732	0	0.0367235713023363	0.0439246554186277	0.00208381716036091	0	0.00426203871189909	0.00873238415266339	0.0304994816852473	0.0186510336881965	0.00321879339018784	0.0102138251524346	0.0553496309314736	0	0.0157638207994534	0	0.523065247623499	0.863017379154531
126431787	0.210659535517781	0.108729390200275	0.290368598952468	0.156522667076701	0	0.0617201889236136	0.050232641399083	0	0	0	0.00891018380636763	0.0401352766133171	0.0145775382254703	0.00300966840523758	0.00157578561256906	0.0391089120893716	0.000341384989566681	0.01410822818818	0	0.539544372884462	0.863244332824914
126431803	0.186965431024464	0.174763682936248	0.25027398978955	0.107375120930426	0	0.0536775119518772	0.0454862132508689	0.0166474662579826	0	0	0	0.0418208650890347	0.0195987760446573	0.00270602631314284	0.0102927690686899	0.072622613519642	0	0.0177695338234171	0	0.533261915893403	0.863197682852168
126434319	0.0825820608552745	0.41955797577569	0.197142430284724	0.00995188267932827	0	0.0513041623382254	0.01626533601185	0.00409190649957318	0	0	0.0101558758595508	0.0269186067854722	0.019040231812488	0.00306402830519618	0.00895019402905791	0.134370919428213	0	0.0166043893353559	0	0.534594971801141	0.854212164803288
126426475	0.259981297397252	0.176063553570375	0.267699601521209	0.127268135842437	0	0.0406609595164338	0.0111359567147881	0.0261801754954917	0	0.00448422237498527	0	0.0288819861791301	0.0126166158554088	0.00315974924887148	0.0179896780703504	0.00990468236444065	0.00489627080409521	0.00907711504473212	0	0.568282313503785	0.849850774648154
126426411	0.25026479054406	0.222458253442029	0.217106743504575	0.114930082417915	0	0.058555955361725	0.031067778855548	0.0175200363286049	0	0.000639334101781713	0.000281789392081529	0.035729717932947	0.0144503587544774	0.00298372574453639	0.0130647095462391	0.00775089553329312	0.000374755496456836	0.0128210730437305	0	0.585115827246965	0.841302411500243
126426523	0.141878819180506	0.301516307498791	0.234195026978874	0.100988593778665	0	0.0427075720257174	0.0197452131085135	0.0123142976049072	0	0.00668796583187454	0.000416319143239197	0.0375383016154511	0.0174986062712153	0.00211609998586947	0.0118487301825977	0.0573329845584038	0	0.0132151622353755	0	0.551755882349911	0.852262341095155
126426551	0.180427251002087	0.17985654494674	0.302194379168589	0.093454450879309	0	0.0564155293766496	0.0542984935339175	0.0112577386313668	0	0.00119412545364613	0.0158207377611729	0.0332454535815935	0.0148160271105989	0.00359065079844652	0.0208025357031112	0.0182550576467902	0	0.0143710244059813	0	0.559521761056184	0.852045148063968
126426505	0.178184088480281	0.173659892461314	0.295827268927619	0.0949566774199056	0	0.049312658247823	0.0177892000947152	0.0190351328781353	0	0.00494524960352474	0	0.0422285838261968	0.0167271981538171	0.003650037238002	0.0333079663179799	0.0554267346314265	0	0.0149493117192602	0	0.546964816770466	0.856267168559584
126426489	0.14710725575158	0.284372956942662	0.235134102556014	0.114806291338496	0	0.0437276868144636	0.0337045729050325	0.0067794320510223	0	0	0.00258510464418906	0.0339725976657258	0.0153051533302645	0.00302084158383079	0.00986415392301612	0.0572565893847868	0	0.0123632611089169	0	0.548865045468196	0.853763118992003
126426473	0.151506818703382	0.247369099429234	0.241248411436278	0.116062170489348	0	0.0421724444458279	0.0543404079767516	0.0197987701984679	0	0	0.0181515257561108	0.0395916930013853	0.0155037609176467	0.00241657402829327	0.0137557320044239	0.0263659157979086	0	0.0117166758149417	0	0.557340131948365	0.851685450568807
126426391	0.181014252332868	0.194678818108095	0.280464842218047	0.094522209479609	0	0.0365300050111666	0.017463336665905	0.0250558486856958	0	0.0172556590787302	0	0.021356347391742	0.0205334543890788	0.00331035041220815	0.0245896528299317	0.0615461648414518	0.00216579094617395	0.0195132676092971	0	0.558659017623671	0.851658868297385
126426487	0.20284695664972	0.242698052297207	0.240111605124061	0.124465969165789	0	0.0481762248453336	0.0245710024427128	0.0166451660552476	0	0.0122834655560577	0	0.0278253086496714	0.0139565494448941	0.00361763509357608	0.022856448782845	0.0075315424128204	0	0.012414073480065	0	0.556821497543067	0.851861676728621
126426519	0.180373032671629	0.159908053944872	0.281628253031243	0.131991204460447	0	0.0486072503241012	0.0547160348866369	0.00777176386946129	0	0	0.0100123552914189	0.0403206538023947	0.0157350045971433	0.00368569071265545	0.0159316174182996	0.0343195148214077	0.000836419418842335	0.0141631507494474	0	0.552728059951377	0.855608748627113
126435025	0.152950809450372	0.26105561949129	0.256148349494589	0.0853096104430269	0	0.0304514177441944	0.00203644443042875	0.0271520529388737	0	0.0154001612781402	0.0153407880413827	0.0281178115553774	0.0167497810131225	0.00362262308284633	0.0326654058380127	0.0574629639357991	0.0013672543900301	0.0141689068725145	0	0.567779878618252	0.845281578841714
126435089	0.103086550021563	0.304035026522508	0.272225947221984	0.0261775329565699	0	0.0403290702857993	0.0138998635499441	0.0237499524209825	0	0.0252678515174506	0	0.0198142884775698	0.0288806596522862	0.00945398162668911	0.0797914187219352	0.0398325177720604	0	0.013455339252658	0	0.574192094843698	0.83404493365576
126434995	0.120178657457164	0.259587583053025	0.277320441236186	0.0480801353673256	0	0.0381684186679476	0	0.0297986484850817	0	0.0222403840252017	0.0129393129997005	0.0148497198288251	0.0253758741206256	0.00599549008904107	0.0490278239648014	0.0802626464139826	0	0.0161748642910928	0	0.581223833411803	0.835947571690833
126435043	0.109965079512966	0.234581669222677	0.306665910569627	0.0479548270015205	0	0.04048918647242	0.00799281824926346	0.0156273133618631	0	0.023559126818723	0	0.0231864698065591	0.0347375947779818	0.00727169897971846	0.0488177565982615	0.0741062239655826	0.00476190486352487	0.0202824197993127	0	0.510276258306317	0.868669869209142
126435139	0.149407829992107	0.174218858471963	0.33289461449299	0.113577964802769	0	0.0517300126688838	0.0273501696227918	0.0197812684680689	0	0	0.0326682176622204	0.0239042110317699	0.0150344901766846	0.00439883928577808	0.0276577968686312	0.0145721196485348	0	0.0128036068068078	0	0.57812053795446	0.844022646246554
126435109	0.157888692847506	0.274914311219321	0.249729572086757	0.099399446977414	0	0.0397480187979379	0.00615087665071124	0.0214922241588879	0	0.026742125482316	0.00363702030982895	0.00982635258881661	0.0242717418533615	0.00396111276021085	0.0300423801317476	0.0356859475136141	0	0.0165101766215683	0	0.555093217581414	0.850920858357823
126434983	0.150880058248863	0.286944742030704	0.253785291503839	0.105742302442418	0	0.037450681674991	0.0081892036497275	0.0228512447343339	0	0.00890779152364537	0.0160221373753881	0.0320428327827973	0.0158975315378828	0.00237778033813442	0.0134704272129741	0.0289291569196468	0	0.0165088180246554	0	0.568237362503549	0.846536533184648
126435015	0	0.339466507576548	0.326001925551522	0.127394341996036	0	0.0307456962375347	0	0.0293882707197149	0	0.0246626947239888	0.0339683249505618	0	0.0238959738253823	0.00333658248393452	0.0162231807710066	0.024148057393913	0	0.0207684437698578	0	0.555267005449188	0.849559553016566
126434999	0	0.295026999227628	0.360087418570026	0	0	0.0481021820242653	0.0342957436215681	0.0180499724973199	0	0.030061108559399	0	0	0.0423249866325486	0.0115113695841295	0.0685925079137167	0.0684868735538193	0.00522033641710137	0.0182405013984792	0	0.522567265024053	0.859196973820037
126435079	0.0250386867781885	0.287786319011246	0.307137905357773	0.0386364498135749	0	0.0484573246768529	0.0230188319943055	0.012700617693182	0	0.0319632174390309	0	0.00534781207148275	0.0399224548033798	0.00724603525913439	0.052278128955474	0.0974756752437085	0.00295366202125049	0.0200368788814167	0	0.532408402352855	0.855901486036492
126435127	0	0.376840732518749	0.268002152345776	0.079473850107752	0	0.0336146554913243	0.00813086907442639	0.012501230605873	0	0.0206156802709765	0	0.0176522643136566	0.0297075358473308	0.00462664177722201	0.0295715283767469	0.0986378629317955	0.000865240987562854	0.0197597553508088	0	0.546407391129544	0.849455237494489
126435111	0.00140875872839121	0.292430335012734	0.323752362809542	0	0	0.0481077788140854	0.0266696178131914	0.0150950824201094	0	0.017998620072851	0	0	0.0378049091857218	0.00983479567619949	0.0483116775110872	0.157379782321109	0	0.0212062796349783	0	0.517591072207582	0.860783025474191
126435065	0.0390187635738795	0.372489093036474	0.28495826125498	0.090071903770932	0	0.0396363754043016	0.0151666801206155	0.0155822060630431	0	0.0251316184835801	0.00988879029111113	0	0.0221811533836429	0.00550988832301043	0.040058565621929	0.0214287258608235	0	0.0188779748116773	0	0.560489003307135	0.843837377823498
126435033	0	0.410122632014919	0.260723608774318	0.0917678183535603	0	0.0295048233448113	0	0.0262210534344389	0	0.0277651017567146	0.00708593469986974	0.0145998395356231	0.0254697963077675	0.00326333160960416	0.0225567675395154	0.0631357434495397	0	0.0177835491793183	0	0.557534132198012	0.845290662806857
126435001	0.0183560129019281	0.30481190532541	0.305307039037707	0.0893601464204873	0	0.0394644698058151	0.00831081471283148	0.015035016749259	0	0.0273740358146158	0	0.015799140025366	0.0250348295825879	0.00749882171191773	0.0483171742223639	0.0712316126469533	0.00358309098585056	0.0205158900569073	0	0.543273949538827	0.851942959025563
126434383	0.158705008989236	0.305905925538021	0.282123505974564	0.0438373642685953	0	0.0400927269166817	0.00691519049193401	0.0309853572377667	0	0.0284769763819767	0.00260171492026783	0	0.0220273153329692	0.0079177873364273	0.0519277088249686	0.00534193813834861	0	0.0131414796482434	0	0.568113850554684	0.841673088010909
126434446	0.167863763326389	0.30607577958485	0.247930094756767	0.0923760755408805	0	0.0366882266071233	0.00782460127854371	0.0254333090930648	0	0.01302602893317	0.0254722645730653	0.00614453006559398	0.0162173543356469	0.00465447073791505	0.0244861145109689	0.0114450666999767	0	0.0143623199560449	0	0.592691913158937	0.834017616342796
126434420	0.102793831130418	0.302170458582443	0.260619018910507	0.0748935317069294	0	0.0404289665064979	0	0.0256585131460132	0	0.0192351213631209	0.0100206092900819	0.0288607744947967	0.0221590291002991	0.00407398933594795	0.0397585423357072	0.0518077820104057	0.00191779815527875	0.0156020339315533	0	0.575424534264293	0.839648847670414
126434489	0.0803581327804625	0.310058548762772	0.28910360078184	0.041738276856473	0	0.0419302719719605	0.00918300673212017	0.0127955956959428	0	0.0266292603834369	0	0.0154897852578774	0.0285261789555719	0.00678580024708359	0.0411895198098682	0.0732664224075004	0.0040677705909594	0.018877828766131	0	0.52749986423944	0.860027369467192
126434332	0.175957798135245	0.166499212631693	0.282377447425018	0.129697257618342	0	0.0534018776890633	0.0364694608931762	0.0109806864128886	0	0	0.0145388294450055	0.0346146622821541	0.0162492917749012	0.00221107396877154	0.0145703656310465	0.0492101848607412	0	0.0132218512319551	0	0.556560748742681	0.853947630897936
126434403	0.21471192124072	0.179418997194173	0.284509700275757	0.108638309406314	0	0.0484857479401306	0.0248731594582193	0.0202264632184398	0	0	0.0271305296767304	0.0264001260688233	0.0159773871412307	0.00300820838794334	0.0133593190816335	0.0203681465231477	0	0.012891984386737	0	0.572794439680257	0.848091227370357
126434385	0.238372451442409	0.22274729146157	0.269969312847564	0.0979429272287004	0	0.0361830441233704	0.00265386648740175	0.0244096512649001	0	0.020194346466138	0.0237889219619401	0.00345918196011073	0.0171469671691446	0.00391907416669754	0.0206905524982251	0.00869316394266384	0	0.00982924697916383	0	0.583230788390139	0.841879606102664
126434449	0.253439307029842	0.14919242218843	0.28142918245595	0.140120353927595	0	0.0541237107048429	0.04148478543355	0.0165254443409315	0	0	0.0200668456028883	0.0120889306696313	0.012646089640966	0.00339723788101438	0.00198290521610203	0	0	0.0135027849082565	0	0.588876841211107	0.842675717311861
126434466	0.119011783323851	0.324872541200729	0.227529948066128	0.100607116227341	0	0.0452147032543477	0.0347178815034951	0.0104133929572334	0	0.00384430744524526	0.0189166661238862	0.0323388832054922	0.0197675765655464	0.00313575210761153	0.01937109829929	0.0208622781201417	0	0.0193960715996616	0	0.548329852223906	0.853209198204313
126434443	0.154885608558457	0.254275106001473	0.261327396022106	0.125268693469972	0	0.0645379902722303	0.0506343897716595	0.00827468644726866	0	0.000512646023582144	0.0237375999565155	0.00337895483512383	0.0161338560730606	0.0041665311373623	0.0165139880185531	0.0023297374465718	0	0.0140228159660639	0	0.563899611549829	0.847957043965001
126434563	0.215464001925208	0.329227379499022	0.157444489767385	0.11348724507895	0	0.0315696403575155	0.0123188672556589	0.0114407924594612	0	0.0249335799916796	0	0.026293488037264	0.0136318073573961	0.00247669490109939	0.0139076521782601	0.0335228026778581	0	0.0142815585132415	0	0.558498744841592	0.849315463902683
126434356	0.185102368579527	0.217145787314417	0.262305096779689	0.0972114215621914	0	0.0434661211570524	0.0280675622318179	0.017923838282575	0	0.00860836566749785	0.0091084630021549	0.0291811877667969	0.017452381972791	0.00354231380095658	0.0247920907134316	0.0371205663946153	0.00363538745935397	0.0153370473151316	0	0.543826619861039	0.85784732479532
126434581	0.219598092428431	0.15833965310768	0.276527957966116	0.123368419650111	0	0.0420546429409671	0.0455825840798329	0.00821150573201002	0	0	0.0190067709559563	0.034486146456574	0.0155502964347957	0.00320696773260301	0.0173386527664642	0.0254898823455494	0.000204557090006495	0.0110338703129031	0	0.56434738161739	0.851183521811607
126434417	0	0.371954573000884	0.227542622605635	0.108954791285356	0	0.0393719128364065	0	0.0220142322917676	0	0.0274345082998909	0.0133303127520256	0.0435540229295336	0.0243516468155211	0.00444706978073443	0.0356728663075709	0.0628837731960902	0	0.0184876678985836	0	0.539014461130146	0.854379004262924
126434352	0	0.405157128399735	0.225651065713001	0.0730027191959516	0	0.0490587765577135	0.010051083104364	0.0204245505929415	0	0.0355004536325249	0.0135643388345544	0.0115234422430753	0.0268216935570294	0.00763412728868271	0.0508804147598388	0.0521277034428817	0.000254936333053412	0.0183475663446533	0	0.559491631867336	0.842207240705871
126434378	0.104764273629017	0.332181290742695	0.228841747333299	0.0324097879341083	0	0.038115036721663	0.0124441208824709	0.0185741458559875	0	0.0263840052807318	0	0.0221287378356391	0.0297582257853499	0.00651534763032555	0.037964650428321	0.0928596488568974	0.00181559573650762	0.0152433853469872	0	0.552976551268161	0.847656971942682
126434349	0.164614155734208	0.22015672883946	0.304185835860606	0.0864068223424216	0	0.0502098531024644	0.0105895755936229	0.0241007268403164	0	0.00354968174636054	0.015172936835082	0.0359212199071097	0.0146939315037009	0.00344575272137734	0.0302930712475231	0.0228959191821606	0	0.0137637885435862	0	0.58951477884089	0.837723786017013
126434324	0.162335423995913	0.220725561950947	0.276289602429847	0.0875228613456361	0	0.0499419000119501	0.0252706035907106	0.0201776303512281	0	0	0.0168083198986748	0.0421486928081931	0.0194648360873694	0.00381469732941965	0.0397524235511456	0.0148052145658447	0.00474582602899689	0.016196406054124	0	0.566913704308589	0.846534825530337
126434440	0.244912782626666	0.153387081973764	0.284020237736538	0.112536636891079	0	0.0479652021137811	0.0203660404674683	0.0231832869465435	0	0	0.00192187772716329	0.0253257192362801	0.0142963980406202	0.00325852035181222	0.0302356992124366	0.0202785671756541	0.00385944497811417	0.0144525045220794	0	0.576418678184277	0.845474600871026
126434485	0.134871829233439	0.204934918144435	0.277204256971527	0.0767425321246436	0	0.0416360966015627	0.00910952717835518	0.0246387942062556	0	0.023651020327788	0	0.0426541131257243	0.023622020459571	0.0042143889200321	0.0528245557870382	0.0671938903681536	0	0.0167020565514742	0	0.550629300394421	0.851470953894816
126434393	0.00161870775021321	0.491051682899591	0.157855017264819	0.113118727436321	0	0.0307364429276855	0.00501605899614894	0.0328868303032422	0	0.0224141508864942	0.0395779092038255	0.00902387229144453	0.0292520932860234	0.00239856412299073	0.0157569044246065	0.0308126243332189	0	0.0184804138733761	0	0.606758553148268	0.820566545624533
126434499	0.0866438588585286	0.289777139318895	0.264384944052143	0.036840045189045	0	0.0364215176156894	0.00811057500536475	0.0185940764513351	0	0.0273010249846929	0	0.0296876616278908	0.0338954508432043	0.00789124560769837	0.0709179583355112	0.0647582617732928	0.00415246584693701	0.0206237744897709	0	0.550917655039169	0.846664780442717
126434480	0.102152492373828	0.299839627781158	0.255969090530453	0.0740348736825326	0	0.0393098672965862	0.00289475441060375	0.0224026755215362	0	0.0186431359042411	0	0.0384260802525222	0.0248319094937717	0.00669925790431936	0.061778228516814	0.0350504308558045	0.00191567376159861	0.0160519017142308	0	0.563313629153248	0.842609554006483
126434459	0.156320444641694	0.173410565356761	0.295573406221334	0.129178251479405	0	0.0516228407519269	0.0181174746054859	0.0256417909435399	0	0.00232272392035132	0.0145894906466048	0.0344356931121127	0.0202261421160279	0.00397436857169778	0.027544487790476	0.0313436758750842	0.00268535169754445	0.0130132922699547	0	0.552107089331873	0.855321092266049
126434433	0.113363461786683	0.304752840965222	0.223474609233166	0.0814553580454894	0	0.035335896447096	0	0.0290306101672489	0	0.0262026141950699	0.000957335208735322	0.0319284739285244	0.0266045366707393	0.00293111516018235	0.0407332081257296	0.0671427816026616	0.000331960380185321	0.0157551980832666	0	0.555149968764857	0.848486706950813
126434574	0.275335771960775	0.0890676490427635	0.293496896854109	0.136180077554035	0	0.0547947547007862	0.0343579695792653	0.0100315886315839	0	0.0017257656593243	0	0.0378131204671376	0.0157092864215606	0.00362076859593799	0.0208217372511936	0.00840336169074755	0.00282109805754971	0.0158201535332309	0	0.563807093801777	0.853552115124477
126434345	0.223359398657564	0.148515276956556	0.286785227573423	0.105959217588393	0	0.037118538943592	0.0102292955185158	0.0242266119265657	0	0.0126012638279967	0.0123745541761881	0.0259662898653959	0.0182975279810157	0.00385359210978503	0.0302788704763571	0.0464059424625489	0	0.0140283919361033	0	0.563513994845481	0.850949580747417
126432656	0.26233909942651	0.0960454198022374	0.284126195213543	0.143397367032977	0	0.0404688512612168	0.0595451424733828	0.00967862102656814	0	0.00308011551802623	0.00184613352510633	0.031937860943927	0.0184311852413969	0.00392115446435501	0.0159653471957579	0.0052307798238363	0.00469973733656302	0.0192869897145962	0	0.544421328046211	0.861326432407888
126432624	0.200993445042638	0.113568805068789	0.33009559436286	0.131206845502388	0	0.0470665441629286	0.0313909827494705	0.0211836017338027	0	0.00248454012106679	0.00476583334871496	0.033097352858726	0.0148661586139599	0.00337176489939841	0.0185794608923238	0.0278649962123965	0.00452217670982018	0.0149418977207167	0	0.564967415106464	0.85233408483228
126432491	0.128599566783914	0.142210763653032	0.368455420435338	0.121312500971065	0	0.0761395432555273	0.00884456746528002	0.0294223787723383	0	0.00208026666388333	0.00438314804733552	0.0298099686892374	0.0177571574916542	0.00476443119795025	0.0417513902939155	0.0119831003246997	0	0.0124857959548301	0	0.586073418254794	0.839500683753128
126432554	0	0.412585844142451	0.189308564182687	0.0511066575087299	0	0.0568724201499201	0	0.0254447893494541	0	0.016928651872553	0.010011904969711	0.0330520193538326	0.0314228223105497	0.0061040969310504	0.0545254321487119	0.0849642191352534	0.00174023801771214	0.0259323399273842	0	0.541328933725097	0.850062310353113
126432586	0.162082230387995	0.228827877554589	0.269877292763864	0.0985729817567923	0	0.0465275379615904	0.0523230433682151	0.0159040126845439	0	0.00681470496591255	0.0139411234635654	0.0243478720514171	0.0204095121016212	0.00460468013609273	0.0360559903901401	0.00494841676651094	0.000126640286649382	0.0146360833605005	0	0.552388154011337	0.852365663215496
126432652	0.0414984769828849	0.448692582244818	0.176435871607288	0.0669131412678006	0	0.0416163820500064	0.0165167066394496	0.0201105400834902	0	0.0302984022359605	0.00716758269973509	0.0189659361648641	0.0274165265031014	0.00539339636824855	0.0383121754156767	0.0438190414002237	0.000784118555393441	0.0160591197810588	0	0.5647420873012	0.840070082423076
126432620	0.039260004551043	0.409835993247235	0.190953632883976	0.0938021335626352	0	0.0485880930801189	0.0104776463363969	0.0199850480754979	0	0.0181330027667342	0.0111974296989891	0.0282860392379727	0.0232124006170904	0.00433400032978181	0.0311381297775898	0.0519902067835727	0	0.0188062390513666	0	0.55535842252988	0.846265487670883
126434977	0.244594938430222	0.115505008697444	0.272473443506619	0.113121598341048	0	0.0487666770104601	0.0166438919907006	0.0189243853284987	0	5.28412043393979e-05	0	0.0563076132210726	0.015793497199553	0.00414290093439745	0.0406021255739464	0.0239830393796707	0.00959856205789861	0.0194894771241305	0	0.546930672970012	0.858115129425179
126432670	0.288615345513972	0.0443977182347077	0.285866238178967	0.148669344977811	0	0.0436668493097063	0.0139764693187755	0.0138026651237032	0	0	0	0.0490551369551222	0.0151604479447792	0.00389054657386869	0.0281361896816292	0.041329993956763	0.00541227574841112	0.0180207784817838	0	0.53685742551203	0.864817353137946
126432654	0.260906176821052	0.152910050996001	0.255163919125404	0.145779595792216	0	0.057015301995721	0.0360543878493399	0.0124603973419186	0	0	0	0.0353079548472672	0.0152706327707838	0.00338821939908136	0.00860777687859575	0	0.00168336654605357	0.0154522196365659	0	0.56237697472763	0.853352856942005
126432606	0.208206649612097	0.127541010887208	0.296227883634809	0.135492013824614	0	0.0530730178331329	0.0201011110542736	0.0248588294096449	0	0.00195919756003914	0.00396395203835936	0.0379452155471711	0.0137627245281607	0.00399161400360193	0.0295826203332622	0.0234245090343053	0.00393883309682517	0.0159308176024961	0	0.575707910776177	0.8467130985901
126432118	0.254946545255237	0.0946980180309058	0.288409396015399	0.170262949850551	0	0.04409680118656	0.0343253200012834	0.00712633202125197	0	0	0.00150441306980184	0.0419968577953883	0.0146600600036304	0.00211751891640702	0.00814004559954693	0.0227795808283587	0.000861084476163847	0.0140750769495148	0	0.547173311726951	0.860941944776979
126432086	0.135196693291757	0.206035617137142	0.270882042146044	0.151605436702454	0	0.0614417630717846	0.0404517853873115	0.0129925739337819	0	0.00622441941427075	0.0122442019934597	0.0390324818521972	0.0160708318758135	0.00224304611290003	0.0111602617732747	0.0216660626440513	0	0.0127527826637573	0	0.56659541145481	0.849171122000419
126432232	0.32722600903104	0.0637408430447696	0.294072609639397	0.0976425916519972	0	0.035790835856338	0.0304391560392998	0.0218283366114753	0	0.00842480174292919	0	0.0192182841896067	0.017368395075533	0.00334620643744304	0.0267358607589745	0.0382424426927307	0.00136852814678384	0.0145550990816816	0	0.578015247531209	0.847522375356116
126432104	0.193328386792719	0.0980925244608767	0.28725167309627	0.136861070338552	0	0.0436071463093777	0.0286031083946076	0.0160233403413302	0	0.00516807882317	0.00920409237208734	0.0565853790433524	0.0171758109527424	0.00297813748916998	0.0292447216567658	0.0540177641771259	0.00587117443950213	0.0159875913123516	0	0.556624026665397	0.854761593079215
126432182	0.11768563651696	0.341850015198492	0.201401845211937	0.123194280154701	0	0.0438205463427491	0.0124647449062234	0.0184346316108264	0	0	0.0118480377489143	0.0392063124456724	0.0168046733134927	0.00341119510033109	0.0174218167183525	0.0388449052968509	0	0.0136113594344966	0	0.56579360922391	0.844934378995288
126432166	0.0676377796702519	0.33455317268721	0.23431483544946	0.11494449996543	0	0.0472517673219854	0.00742455918551929	0.0232830244322425	0	0.0128699439039212	0.0174574677079236	0.0369173216793785	0.0187717843830987	0.00394322037759414	0.0329654322760881	0.0296619149160701	0.00158389086650376	0.0164193851773226	0	0.558672491859862	0.847361979194105
126432053	0.196410420147009	0.0413301254143178	0.349532964994484	0.204927126862558	0	0.0536399184259604	0	0.0104028819196641	0	0.00519856577243284	0	0.0876293073690471	0.0163740845519929	0.0024514718205299	0.00208954638055413	0.00921608165038914	0.0058193368771617	0.0149781678138993	0	0.533304697808432	0.868898313821785
126432132	0.15091056820045	0.0756750926065555	0.333569672650545	0.122739909112802	0	0.0538222763252826	0.0381930709340849	0.0154692176008795	0	0.0045963325743104	0.00235781559401135	0.06481337774839	0.0187164705207656	0.00456706187275404	0.0455484694318361	0.0390139497670112	0.0104779124807623	0.019528802579559	0	0.530896121461584	0.86395711656265
126432116	0.139995782665094	0.271053404267952	0.235738255376625	0.11058760879084	0	0.0418807659168955	0.0214912470154019	0.0202592460281487	0	0.0208202779136638	0.00883204383600646	0.0343820984301958	0.0187113099638271	0.00337259814835639	0.0266739116941311	0.0343779239745487	0	0.0118235259783137	0	0.553199319862106	0.852221792216041
126431641	0.104513503189129	0.274565054957224	0.25595869867412	0.0987238172624538	0	0.0438695457049795	0.0467399959453213	0.0119874655588712	0	0.00465456997874096	0.012830037996794	0.0212572670688384	0.0216822670266256	0.00259171268774718	0.00950369401601657	0.0735865574782313	0	0.0175358124549078	0	0.549267945281558	0.85327555425039
126432068	0.114024075910739	0.270260360192657	0.25186458574705	0.11579785356111	0	0.0259141380572374	0.0370678047885659	0.0161154743292521	0	0.00345843810374481	0.0136532338910356	0.0194050204491147	0.0206444947252353	0.00341098091907208	0.0170572150024566	0.0754635124785808	0	0.0158628118441487	0	0.550291821580592	0.852523526524593
126431707	0.194780656699069	0	0.354422693561907	0.19437903785049	0	0.0733938861977149	0.0450914509951366	0.00823435981541154	0	0.00779754544312514	0	0.070992471878727	0.0191704256127863	0.00324096183288819	0.0103356226417307	0	0.00511388815931244	0.0130469993117007	0	0.52186849828456	0.872699333559046
126431675	0.327896197884258	0.117453039322269	0.260489759585587	0.0799262131023145	0	0.042826050742956	0.0807233578736061	0.00559906496677147	0	0.00376812734661101	0.00838323998952317	0.0113246554120944	0.0331788399653186	0.00787956384456715	0	0	0	0.0205518899641236	0	0.582934325896241	0.845426337445367
126431755	0.240805818597162	0.0499952608184506	0.308445425737332	0.129803070510841	0	0.049735435656386	0.0284846857734327	0.0153854944816237	0	0.00097437536635291	0	0.0688956189529649	0.0188087634968169	0.00355492894444051	0.0174387261149425	0.0358303846951556	0.0106694481231891	0.021172562730909	0	0.508264825226721	0.877176951681588
126431721	0.0843558427709795	0.262470623995084	0.285665723250334	0.122543591681424	0	0.0489373792062303	0.0145216779419965	0.0162247021387852	0	0	0.0132254508531811	0.0399474334918248	0.017808552904412	0.00429358732447224	0.0222355570973192	0.0521889474301608	0	0.0155809299137955	0	0.55666009306767	0.850411573250137
126431753	0.155860781698601	0.313116969096017	0.205325355101936	0.142038255817186	0	0.0565514618641786	0.0550783440581831	0.00419556987169066	0	0.000761568003835722	0.00554316950091129	0.0231093605719007	0.0158827525621233	0.00339079252813774	0.00331095996220214	0.00281157960082063	0	0.0130230797622761	0	0.604922200486828	0.828367435232071
126431625	0.19244098161224	0.0146728560925158	0.372347012475796	0.142368922714584	0	0.0545818597472668	0.0329488772413218	0.01456190343232	0	0.0039768922977779	0	0.0500316408140741	0.0219376784858385	0.0039450944612509	0.0244875443733104	0.0456872078306757	0.00738860714177516	0.0186229212792532	0	0.52523383278343	0.869588535249025
126432485	0.0791013514001012	0.413017567893032	0.187076381868211	0.113019083663814	0	0.0533198475852864	0.0156900400786197	0.0182357718279261	0	0.00672901156101732	0.00183714150379092	0.0407291137389463	0.0189093591898576	0.00316848284124713	0.018001229066175	0.0201730713171828	0	0.0109925464647936	0	0.586182823865944	0.832921350304327
126426507	0.201387636165698	0.217462128690702	0.227973650561571	0.127977919359183	0	0.0423512371415583	0.0117365631333167	0.0232431490687106	0	0.00910015776371004	0.0162085119162779	0.0395790917432209	0.0170437760703734	0.00365969202000105	0.0177495330676086	0.0330872109075381	0	0.0114397423905311	0	0.578359048108946	0.844324830343785
126426491	0.133918604459661	0.216311583433574	0.31773697364422	0.134216697370677	0	0.057774154286085	0.0233660935554342	0.0241880030809528	0	0	0.0214672248608755	0.0202723271808276	0.0157808831641898	0.00259296880566527	0.0132467483842682	0.00652197200005975	0	0.0126057657735103	0	0.621468772054195	0.825107933256527
126426425	0.196643139093749	0.098682868080609	0.342134914697443	0.157808588499462	0	0.0484066416906353	0.0581026559204543	0.00704843446171923	0	0.000896868921025641	0.0127840162450495	0.0220205359412792	0.0175541792576618	0.00420317633530016	0.0203190482027623	0	0	0.0133949326528496	0	0.585781536839137	0.842886577257986
126426409	0.233862679341164	0.125453079749678	0.296812662617176	0.136357173588782	0	0.058983367249444	0.0297033433397825	0.0183631248552511	0	0.00136366355257477	0.00293744601303788	0.0349210769200325	0.0177486161111997	0.00359416547155915	0.0154852157921787	0.0105474227726485	0.000325945268349843	0.013541017357141	0	0.586106365614459	0.843779334504367
126431639	0.16921900816745	0.171925737502961	0.293659262126074	0.111441472700568	0	0.0441653081193204	0.0211206443132791	0.0180107688612226	0	0.00632529027757835	0	0.0400748676679741	0.0164668860343351	0.00304686391910192	0.0243569810424153	0.0640409876094143	0.00113565140691229	0.0150102702513928	0	0.541073382259671	0.85937411694504
126426423	0.15812980173042	0.0754110567233743	0.354223078020419	0.148705942159288	0	0.0740966387601425	0.0375883103200367	0.015944993243939	0	0.0106223659026829	0.000757039594641826	0.0456813098909664	0.0198352273442167	0.00476842267481551	0.0173898446677378	0.0160938904896051	0.00405458576781942	0.0166974927098951	0	0.586913910231777	0.844216306779207
126426471	0.185800689357409	0.121536448263733	0.317466001315962	0.148199533769075	0	0.0657609480508786	0.0509038346036565	0.0138129055602163	0	0.00152344322475484	0.0039528498034997	0.0312040220889745	0.0153482804739056	0.0033009737007196	0.02398543620974	0.0039733171248696	0	0.0132313164526061	0	0.591574383730987	0.839657016037145
126426455	0.126712406094204	0.103420691190314	0.353064836538932	0.115457984416599	0	0.0465521755922324	0.0112772972593756	0.0266046611806551	0	0.0106352226872015	0.00662064550458645	0.0489694461923424	0.0241847128650319	0.00464732527939831	0.0438293210366068	0.0585620248098243	0.00221821714735527	0.0172430322053409	0	0.550004782925364	0.85524239301934
126431623	0.137802359662104	0.100332895197123	0.322308256811039	0.124247784488186	0	0.0473255967812511	0.0229755643970556	0.0194867566175422	0	0.0102500648107929	0.0111534508785671	0.0509316952616178	0.0227607279125256	0.00587419049237988	0.0335255416849931	0.0657031173555043	0.00732833532731649	0.0179936623220018	0	0.529842896069749	0.864784100856177
126426503	0.135837858206422	0.184555653675839	0.312689652284315	0.132096186899443	0	0.052453871590769	0.0411998430453579	0.0154075502988069	0	0	0.00883980837938226	0.0325041639332704	0.0142212524277727	0.00298692368738973	0.017924126266974	0.0346970341954552	0	0.0145860751088033	0	0.581141678183726	0.842559744628012
126432051	0.157015271498379	0.196378165485288	0.291325132840012	0.125838537304049	0	0.0475972944094746	0.035975498328088	0.0208718654146465	0	0.000958459368510583	0.0113299771735102	0.028903752728734	0.013917989311948	0.00313813163554692	0.014939928772653	0.0390234130839004	0	0.0127865826452597	0	0.573546391778831	0.846022047536623
126435057	0.168947948420057	0.252621244050023	0.265097717202786	0.0516617299109547	0	0.0266211674005524	0.0137985839811936	0.0205345356618215	0	0.026251496218672	0	0.0273778952680624	0.0233686897100526	0.00363654551921537	0.0350479513616921	0.0685402569456769	0	0.0164942383492395	0	0.549694360462933	0.852740646030866
126435121	0.165827201738812	0.262882721356843	0.24629413489525	0.109389785234966	0	0.0462591835285709	0.0156243728968558	0.0193023327032156	0	0.00726715127592961	0.0206866629757077	0.0226602164573814	0.017483908818203	0.00365791578094663	0.0237786119261023	0.024031649692005	0	0.0148541507192115	0	0.571298476047487	0.844973816834565
126435123	0.0379147151825193	0.301951940255726	0.312747303998592	0.00842369883445798	0	0.0517491459301069	0.0144219958666603	0.0139565223003447	0	0.028603229072951	0	0.0153885980040683	0.032280799988793	0.00712560966281295	0.0548012289369497	0.104399380713138	0	0.0162358312528807	0	0.52235400224774	0.860179041605865
126435107	0.163110880025065	0.271828053586641	0.236707260012917	0.132008183907805	0	0.0517810613953036	0.0155153193558554	0.0176342228954871	0	0	0.00771820988771849	0.0308296146752546	0.015377060559605	0.00376580935826095	0.0353244389966979	0.00473314791190112	0.000281530783471504	0.0133852066480159	0	0.576091688769948	0.841086491503619
126434981	0.175886259136602	0.309095292056696	0.201206013059103	0.15923192942759	0	0.0413914018851452	0.0108313723359909	0.017735910115232	0	0.00414021508403801	0.0101478220027075	0.0203993899775957	0.0146838157128268	0.00255282813348167	0.0154871914388316	0.00493107168123215	0	0.0122794879529267	0	0.555869996838292	0.850755222507668
126435013	0.112106754305	0.425865889076131	0.246556478490672	0.0466626265780255	0	0.030993885174939	0.0122357562954142	0.0226473151916531	0	0.0221521722540264	0.00571332933395521	0	0.0185190983384777	0.00387937268093807	0.0412758341967856	0.000523316164131159	0	0.0108681719198513	0	0.588514015883086	0.828935975704848
126435077	0.155554613470077	0.280870348946886	0.242454779840344	0.123340977173514	0	0.0352915121903636	0.0138396991530754	0.0195424675627053	0	0.00468457462338481	0.0191869493553342	0.0273115771940098	0.0154127256636375	0.00278296984910086	0.0200046498663093	0.0260861170897837	0	0.0136360380214739	0	0.571209882323752	0.844648455906003
126435061	0.121168292961832	0.333605390209069	0.230401282428892	0.107303311431361	0	0.0400939047505601	0.00633753982503458	0.0173396446742675	0	0.0239480594202984	0	0.00691215783882356	0.0213924146909878	0.00561708655752845	0.0419568484872877	0.02673751673426	0	0.0171865499897979	0	0.568159865196693	0.841690365171864
126435045	0.00056978746388906	0.264881037106006	0.262239453968744	0.0156760662439245	0	0.0232238665097046	0.0207577096098192	0.0148324211855942	0	0.0239268391774234	0	9.63361043173567e-05	0.0432181419240381	0.00986239647678315	0.0586955485687657	0.236524203441786	0.0020461138756785	0.023450078343526	0	0.516639199606838	0.858100478390472
126435029	0.0531303313792801	0.383357098194283	0.226402294602305	0.0671789433642598	0	0.0312573649168893	0.0103700966126259	0.0134681697384562	0	0.0245568798488045	0	0.0192723154575534	0.0241456154289078	0.00489520996251935	0.0487677834496468	0.0769563329434898	0	0.0162415641009789	0	0.55918297329106	0.842508463680801
126435141	0.195489564505189	0.340733917529515	0.204381137144943	0.0717860648935765	0	0.0322533907480537	0.0054584193581701	0.0131974712370509	0	0.0245190755122813	0.00491859661936735	0.0108355620726865	0.0229664258719689	0.00327591631068782	0.0199435445947375	0.0341648347246335	0.00163080426848944	0.0144452746086504	0	0.556569717959188	0.849228872536427
126435157	0.189269206538072	0.257845826298689	0.251423096637078	0.144359705821827	0	0.0392049898607744	0.0421325694026333	0.00898559927998155	0	0	0.0284122990214394	0.00785473738097927	0.0121937743973175	0.00215902437472605	0.00275961371445021	0	0	0.0133995572720318	0	0.571100230072803	0.846015070646697
126435047	0.0307207742660837	0.256786347508801	0.311902594343852	0.0778661054810625	0	0.0525267307578566	0.0113099236477517	0.00580219214988379	0	0.0201205299069084	0	0.0203474055391562	0.0352398007683422	0.00631797255104827	0.046994272448925	0.10383519881822	0.00433128675098774	0.0158988650611215	0	0.523925636695576	0.860760068291633
126435031	0.134761943853136	0.318763133192199	0.22702984991616	0.0461423202215576	0	0.0340053033766842	0.0110753350348089	0.0096031948820678	0	0.0284228032181061	0	0.0162516194137723	0.0258019975878612	0.00496860661340394	0.0371161129249708	0.088460531680876	0.000679291115928776	0.0169179569684674	0	0.53017841340293	0.858770458097441
126435159	0.0284980304190493	0.394479318789634	0.290414652327669	0.0558123225388497	0	0.0277318194450458	0.0233322620470062	0.0122311505186978	0	0.0286789560081036	0.00117530072630229	0	0.0267688145628094	0.00770477774965796	0.0506910096156385	0.0282821734891414	0.00346081384131655	0.0207385979210781	0	0.543413980365414	0.85007903221763
126435143	0.0233532508472402	0.346679938441591	0.335270795798442	0.0390809827998649	0	0.0350307279870928	0.0235403389838205	0.00859116768910419	0	0.0307773998583017	0.00385496094285193	0	0.0322987945361247	0.00767964149449497	0.0469520203076774	0.0435036113145202	0.00403684568917399	0.0193495233096997	0	0.541507978381346	0.852128369230403
126435049	0.0343996724824996	0.365046705937266	0.289997290948455	0.0692884158801064	0	0.0249290614890055	0.0256684449683451	0.0171747189368626	0	0.0372968755556327	0.00623210463652292	0	0.0246198464212944	0.0064091032328342	0.0409938607611261	0.0350149730005183	0.0015738599119104	0.0213550658376203	0	0.547026820920449	0.850174645407579
126435017	0	0.474734547732342	0.246522251230154	0.100255822285043	0	0.0241796110132508	0	0.0230230023179682	0	0.0264767177367506	0.0244526799555682	0.0174323841741482	0.0210217110022851	0.0023693680494024	0.0102593527460336	0.0133176540652907	0	0.0159548976917621	0	0.567672483317073	0.839938774937169
126434985	0	0.41133553599909	0.220069704974054	0.115139693056892	0	0.0315121767310503	0	0.0203089464546626	0	0.027266448462562	0.0159914679724951	0.0137156938051905	0.0280540471911525	0.00318401944700832	0.017472102621936	0.0760217359865327	0	0.0199284272973741	0	0.533036817697359	0.85682662901684
126434401	0.127059228130988	0.291039780044874	0.274291051529631	0.000813004639846787	0	0.0314941071484744	0.0164209420861113	0.0133020512602646	0	0.026433478328916	0	0.00979271941185758	0.0338971938389901	0.00731024743027827	0.0615187312123546	0.0902633924107011	0	0.0163640725267122	0	0.532768529650643	0.855456358004951
126434508	0.0159507239027739	0.426372622402317	0.249140044897644	0.084188173751113	0	0.0365498536505406	0.0068537973212888	0.0179718803370982	0	0.0193164331282316	0	0.0169168426788303	0.0304873191010653	0.00319808129576416	0.0127431293022905	0.0620570792559373	0	0.0182540189751054	0	0.544850951734401	0.851196758022079
126434422	0.215365246952069	0.303118498424388	0.207814302358857	0.0626295291960102	0	0.0282962747684479	0.0176590244720244	0.0160771823569839	0	0.0277759021777716	0	0.0195137895942811	0.0187160961950997	0.00296381468979509	0.0269924803170084	0.0361183969357031	0.000256133299657747	0.0167033282619035	0	0.557174481506191	0.849676987761898
126434487	0.126317037921688	0.263332023483264	0.256228135059724	0.143201465709725	0	0.0462160240948852	0.0321581578341648	0.0146370372993088	0	0.00365541025121404	0.0215178755251937	0.0275160312439289	0.0167983717118506	0.0032156757507848	0.0141522765498209	0.0158627593785863	0	0.015191718185861	0	0.562695767223068	0.849065666618251
126434530	0.207463184747258	0.263523052681792	0.219184968477031	0.132449430630078	0	0.0389752539324944	0.0350146756076551	0.0127668691140184	0	0	0.0145414647652615	0.0279312657632239	0.0123739008462838	0.00233356912263165	0.0028591608781503	0.0154329584071041	0	0.0151502450270176	0	0.540640066803252	0.859462201252525
126434506	0.243279310382327	0.261261006886796	0.189727376756339	0.0901472270176999	0	0.027605151452109	0.0118455550380891	0.0152044224337342	0	0.0190410582738813	0	0.0363483309340353	0.0146975389383856	0.00253034077309535	0.0167971355841368	0.0554586146302278	0	0.0160569308991441	0	0.539150674637174	0.859395176712695
126434579	0.0856661679144317	0.408187816404897	0.178748435517612	0.104089107160626	0	0.0364753424983835	0.0206235752454553	0.0126261613939057	0	0.0193827064167501	0.00439664862044441	0.0291389617132797	0.0206238848356006	0.00310184668288503	0.0222178183497889	0.0394219603776348	0	0.0152995668683055	0	0.55072931430514	0.849252475567077
126434461	0.0204609978322233	0.380615348506619	0.236118850084523	0.0600813654675807	0	0.046920186140521	0.0017384438881687	0.0264398809772891	0	0.0178638121822594	0	0.0262044651628116	0.0281269677397125	0.00598392810357672	0.0555749094106255	0.0705268949831445	0.00330950563335203	0.0200344438875928	0	0.546898380007193	0.84814582765315
126434524	0	0.461820311066281	0.234471691762099	0.0561498019510928	0	0.0318074540230326	0	0.0262015204018927	0	0.0213090046361387	0.026465102179733	0.0168899729353789	0.0216929870100973	0.00283165834649347	0.02014841030431	0.0651354010095597	0	0.0150766843738908	0	0.571795310044582	0.837231967364189
126434559	0.115135358531587	0.325002822614423	0.297748343188876	0.0473946166041485	0	0.0405375504216655	0.00384200323726414	0.0212975000821579	0	0.0113800625169161	0.0205982925343717	0.0110150859587749	0.0193930437385161	0.00471034045285518	0.0432506290124346	0.0251195586329875	0	0.0135747924730216	0	0.602443091444331	0.825831729228686
126434577	0.162837645599162	0.358631236135081	0.18565641312366	0.0779908020554432	0	0.040335792722703	0.00909084316171989	0.0142993663280964	0	0.0106756563904709	0.00327398658280771	0.033046280879472	0.0170947826624053	0.00243509221131594	0.0226481659292691	0.0489246600256853	0	0.0130592761927087	0	0.561504365426217	0.845902739274009
126434413	0.22839867949231	0.184535342868727	0.23679190176137	0.139058190188762	0	0.0398723912928932	0.0531490397637979	0.00693767791989992	0	0	0.0137578950156248	0.0339809654649379	0.0145646503650852	0.00314900612090757	0.010428392360221	0.0173111983824467	0.000918605565513322	0.0171460634375029	0	0.535701037609207	0.86309423252874
126434561	0.157162112955755	0.27800706746952	0.245371495515921	0.098126941664261	0	0.050099368152816	0.0228823777019883	0.0253320763335873	0	0.0272884267953238	0	0.016916839571616	0.0181368379161419	0.00408593708241529	0.0288148454738958	0.00410097721178712	0.00584410096013276	0.017830595194839	0	0.552823182828142	0.852347980333376
126434504	0.15442756718056	0.189844795990152	0.296479621756019	0.101063465115397	0	0.0408841422461363	0.0168061439684904	0.0180570099159931	0	0.0175626770311944	0.00321944616994232	0.0379939029506473	0.0189710483951828	0.00309957083270308	0.0255498292780989	0.0620794053012726	0	0.0139613738682107	0	0.536855784777906	0.860813682551604
126434409	0	0.421441033596022	0.17048711881422	0.149531347419895	0	0.0400449814975293	0.00437587140783175	0.0267323716869088	0	0.0240247033560203	0.0217544825679183	0.0197307608742918	0.0223678961281565	0.00404744399520289	0.0220156580822745	0.0581369533925371	0	0.0153093771811925	0	0.560096143639805	0.844217807179196
126434521	0.00513311258578849	0.474791807073962	0.197375631761044	0.0626475482967546	0	0.040022053681678	0.00288963803046479	0.0211495701691188	0	0.0247074997721729	0.0202312018971361	0.0243722405372828	0.020842297376837	0.00243144077048581	0.0229334681785368	0.0625394434417958	0	0.0179330464269421	0	0.555787308071409	0.844594914601317
126434375	0.210603525235228	0.195456683625384	0.27462452317231	0.10089828094421	0	0.047141482570249	0.0270309841191768	0.0222468311898844	0	0.00831404215412401	0.0228098115888633	0.0219567821242166	0.0168993632737483	0.00374472004561011	0.0239273174762654	0.00826038751034531	0	0.016085264970385	0	0.577699834753661	0.844678939255164
126432574	0.0108256680072969	0.390323776346398	0.196464733970976	0.120395569012815	0	0.0243186879756936	0.0082590527022643	0.0192712929986898	0	0.0185467668371687	0.016758171644446	0.0209369242059248	0.0240659480638823	0.0031224850191277	0.0238933583711477	0.102501412565801	0	0.0203161522783693	0	0.546589217791396	0.849791134517026
126432540	0.0341639394691243	0.392464246421294	0.209831997283928	0.0677218926353563	0	0.0321362079674987	0.00677525127083793	0.0124835107404565	0	0.0209775327759936	0	0.0150626778516378	0.0248173726311469	0.00634245759430274	0.065540796010535	0.0853659344695095	0.00446932238808787	0.0218468604902905	0	0.569348656109853	0.834985738469184
126432672	0.255374832322022	0.139171584119282	0.268011153926611	0.133388806714906	0	0.0469606406501535	0.00617234157642171	0.0154492492923623	0	0.00213998116492856	0	0.0563390815168466	0.0148309248611705	0.00265612267041928	0.0209195279076024	0.0191468288007844	0.0042018201760348	0.0152371043004545	0	0.543664861580265	0.861078284502091
126432536	0.0865878108568997	0.409580936048042	0.163269036283579	0.109858203563585	0	0.0393303344806795	0.00956903348234746	0.017666403245544	0	0.0260261026312918	0.00736912339229875	0.0263117772484406	0.0195808142092032	0.00362155088621371	0.0336595909366334	0.0335898504557132	0	0.0139794322795293	0	0.555119583527974	0.846615028003453
126432604	0.120905487409795	0.344685973194899	0.19396060253929	0.0949821731856523	0	0.0384924393812473	0	0.018697791848365	0	0.0168610956954155	0.00156722310425605	0.0466392378221959	0.0188623037482645	0.00328111700553171	0.0319629561283121	0.0513087359838277	0.00516992240169733	0.0126229405512504	0	0.532245903890915	0.859009404631524
126432668	0.0871406431732524	0.272529896524551	0.297302945067485	0.0669908666105027	0	0.0510180178118499	0.0190256986161328	0.0210418934602541	0	0.0282432234034184	0.00711449418791935	0.0125484445196929	0.0288994936648555	0.00599978352626806	0.0401283490363379	0.0418541167641001	0.00134150348745046	0.01882063014593	0	0.542181754911897	0.855166931434547
126432572	0.294200293638826	0.116948969601218	0.240952582152967	0.0805492737330727	0	0.0781680183030003	0.0433459169552778	0.0158118033368223	0	0.000738136991781066	0	0.0359240338805982	0.0186521209730084	0.00444042201822357	0.0358564928198453	0.00803017041050652	0.00964991919569556	0.0167318459891578	0	0.546492451281959	0.858452815468586
126432519	0.125487216555822	0.209646401791966	0.311253552615248	0.116424355860261	0	0.0334217096085109	0.00334118354234066	0.0258175495285038	0	0.0142714012054333	0.00951792666750455	0.0397843920260259	0.0176025242929229	0.00281325568767184	0.0169812920777373	0.0584909929706948	0	0.0151462455693575	0	0.560161886389593	0.851373038533785
126432503	0.0990277020879128	0.317277282395098	0.287705800540822	0.0651477994979048	0	0.0536395451424623	0	0.0290939505889169	0	0.0211239182028549	0.0249097301582502	0.0211058714692889	0.0229659928220213	0.00613850073536398	0.0252132626168887	0.00649059710517568	0	0.0201600466370395	0	0.583101097607872	0.838159874834373
126432070	0.0749008667324244	0.354095249435008	0.186748723866082	0.127962542531894	0	0.0541902410871486	0.00903133308800824	0.013013922197889	0	0	0.00546533971419211	0.0408486304292895	0.0204020261308373	0.00242881512843271	0.0171223648490859	0.0747992201458704	0.000907106069845243	0.0180836185939933	0	0.534204553480054	0.857853968213558
126432168	0.178984499762389	0.0398668114517927	0.382257245777187	0.0292421150571314	0	0.0766859331721482	0.0106609069152745	0.0101138374907749	0	0.00220108949158766	0	0.0587462741422909	0.0307610880136954	0.00529417194310135	0.0435512742546363	0.0972664736657753	0.000694406149220766	0.0336738727129952	0	0.499901240685185	0.875998709862628
126432102	0.164542697506499	0.207878836770499	0.257360340115823	0.128473426512955	0	0.0527547141502654	0.0268244423442313	0.0144241502236778	0	0	0.000954857903050601	0.0546796955665448	0.0212027006280218	0.00248326687109368	0.0134443215334245	0.0403008274843346	0.000334844731960799	0.0143408776576186	0	0.538670403231615	0.860957748084137
126432056	0.192479600311961	0.162714748900997	0.281681164436754	0.123301635765821	0	0.0480785463424975	0.00581797216875891	0.019781289324055	0	0.00853016220091401	0.00347661941712532	0.0586860634298739	0.0199845683141545	0.004715331036841	0.0339289804707616	0.0201855004710667	0.000736899278989382	0.0159009181294302	0	0.551434514982822	0.855813708387722
126432198	0.167737686582966	0.0577011461266295	0.33710876728694	0.175297628337721	0	0.0421222376508191	0	0.0177916051650151	0	0.0132414515836201	0	0.100437952099075	0.0170074552484036	0.00189609517443276	0.0184134460971721	0.025003766817899	0.00819682998309759	0.0180439318462097	0	0.490408513164829	0.884275031844006
126434342	0.147120669234796	0.121279693616022	0.309045583083658	0.127193454890139	0	0.0456059899464072	0.0252202630658135	0.0197088761431069	0	0.00623593751009071	0.00161379682779232	0.0587362431279196	0.0201445830763283	0.00495929791186068	0.0538066143557551	0.0360475381956607	0.00641522827549599	0.0168662307391529	0	0.532491491233037	0.861611641127715
126432148	0.15936010967578	0.0881433163166158	0.319527507626871	0.124074224996631	0	0.0463166637078093	0.0368523255422344	0.014746765218198	0	0.00505576801420103	0.00634017863458809	0.0700507944284521	0.0201621610817332	0.00465565169191084	0.0403741001275503	0.0407257361680441	0.0059326717644231	0.0176820250049586	0	0.520643643386895	0.868666442418394
126432100	0.0411602859325219	0.42595859318972	0.187779663907061	0.0980701628424721	0	0.0459392830941889	0.00140835017131612	0.0191979783910191	0	0.0129442598258792	0.00524001618466	0.0350519399874079	0.0197447869192505	0.00249779522328014	0.0347759954175675	0.0563114514718637	0	0.013919437441791	0	0.550061578003947	0.847822682325801
126431657	0.0559073420489104	0.393387622129555	0.209327484172044	0.115282250517393	0	0.050706130043313	0.0417738315761586	0.00788712316149128	0	0.00779034875386415	0.0127321349147551	0.0263875471540768	0.0185013807918269	0.0025760896884274	0.018184361768183	0.0262973324923916	0	0.0132590207876107	0	0.579462557550981	0.836046687144912
126431739	0.257227672251983	0.130804961989243	0.293608173379871	0.138090523696407	0	0.0513604276141332	0.0332522458801378	0.0104992472608805	0	0.00274552277873027	0	0.032348532595429	0.014953532045563	0.00251050034438396	0.0145260665640333	0	0.00527756115748482	0.01279503244172	0	0.537711548137645	0.863587473064499
126431772	0.255775494245262	0.0839699008105837	0.305577762809828	0.150497123099849	0	0.0663852206498807	0.0662327257682599	0	0	0	0.00634226352189489	0.0340183476439744	0.0143884690377228	0.00301788086927746	0.000747721841264633	0	0	0.0130470897022028	0	0.560322456259882	0.855519529631856
126431805	0.0680012493332656	0.176507208807858	0.307517568468285	0.0857427812625284	0	0.0498504702989076	0.00820291855191912	0.0167177544273024	0	0.002442900866489	0.00633167074492042	0.0490455511680346	0.0213976972030177	0.00450369487120038	0.0360156510224233	0.137298239257775	0.0073971850162809	0.0230274586997926	0	0.510016512807625	0.868540836288127
126431789	0.136172362026422	0.262474259729836	0.246580648153954	0.16248127573573	0	0.0418421798942981	0.036102889225753	0.0121500266649117	0	0.0071832475983927	0.00981590854473123	0.0296780946973905	0.0213289659471215	0.0031170663320349	0.0135913047990787	0.00417593899103053	0	0.0133058316593152	0	0.55607548695199	0.851854327987719
126431737	0.0533411705760081	0.413534547553365	0.209523152342744	0.113948749975264	0	0.0396584068240841	0.0381179386254693	0.00384858214955701	0	0.00757113958864567	0.0107569628221133	0.0339619829420943	0.0179362760264316	0.00208427156903302	0.0102058857110954	0.0321142002944786	0	0.0133967329996167	0	0.570278053400943	0.840126510179154
126431770	0.2168805413771	0.0957331288701061	0.311338209818066	0.144271344551257	0	0.0642201527586746	0.0543529280917701	0.00506668285000586	0	0.00061473812165512	0.00700819727468163	0.0374517087129575	0.0162667883197734	0.0027290787519239	0.00725596861468784	0.0157468615938319	0.00443817567375848	0.0166254946197508	0	0.537970068800876	0.864313706136869
126426537	0.0738273737015012	0.349946202988489	0.22475530350485	0.0716715314745588	0	0.0430485450265702	0.000959870843709379	0.0225706826126549	0	0.0149166832752211	0	0.0264030928462576	0.0199773906514301	0.00382334807024715	0.0301353986465184	0.0993027921624133	0	0.018661784195579	0	0.541712866833044	0.852941025377536
126426553	0.112926985042279	0.205801316232375	0.308954760777368	0.122309147777158	0	0.0623586880239077	0.00318448920679243	0.0249396606748345	0	0.00487623929986583	0.0021167246154927	0.04357075464616	0.0182103998887246	0.00308147048035412	0.031696449517695	0.0453973782262129	0	0.0105755355907816	0	0.574301956432241	0.843785620476738
126426569	0.0313139948307376	0.441102485867927	0.188188844636	0.0531229549886259	0	0.0395955175366665	0.000913686828964151	0.0233964706275842	0	0.0158634090155876	0	0.0258751478267716	0.0211206261217142	0.00491969831075051	0.0322825821787819	0.108687163879157	0	0.0136174173507314	0	0.579392051885426	0.831521925668737
126426443	0.176741915452431	0.0720180733499645	0.353320296197374	0.109880595699544	0	0.0596500328643808	0.00926411565983616	0.0235751249144032	0	0.00398084907291377	0	0.0529822129147506	0.0219708173835428	0.00343261590307264	0.0293362453309804	0.0551893466343254	0.00901209860230197	0.0196456600201786	0	0.540368109965895	0.862116900412807
126426427	0.131798652944327	0.399175475453303	0.172156008917898	0.088217250284154	0	0.0343283294447719	0.00967278362480627	0.0206754421763089	0	0.0132898260533956	0	0.0280574660267561	0.0161871884513448	0.0029092266691191	0.0176697063027541	0.0547122524140478	0	0.011150391237013	0	0.572822449000072	0.839462509398158
126426567	0.186052363707368	0.175058621220742	0.335018219005183	0.00755579256582758	0	0.0353143684099431	0.0189177773060329	0.0206762667464916	0	0.00853187413878131	0.0115993146903213	0.0145512587407404	0.020720975600357	0.00299339908018085	0.0107338918663545	0.134928868921105	0	0.0173470080005713	0	0.538135661893179	0.858261102722759
126426535	0.16241026012983	0.126561749157397	0.350178814782933	0.0948844601124236	0	0.0318114977893171	0.0227471553143909	0.0254256043684091	0	0.0117404660536691	0.00704398661904445	0.0212356543618973	0.0230568878077903	0.00349645688977043	0.0197060290491299	0.0813370318180878	0.000990559181683802	0.0173733865642261	0	0.539577915296844	0.860772462317881
126426457	0.179310376654173	0.149118255908604	0.336502298294617	0.136751106439893	0	0.0478651085147607	0.0227543375429461	0.0228296085016025	0	0.0154184008842403	0	0.0306567267149795	0.0159549746959845	0.00368932776106553	0.0214555844969762	0.00634776026871754	0.000389496980214461	0.0109566363412262	0	0.565747732122426	0.850844238580413
126426441	0.119036923068481	0.175602897303914	0.333710567034404	0.115085880016944	0	0.039998559212634	0.00453633046220824	0.0265718702275494	0	0.0066070863256295	0.00788431748766284	0.0512597339928449	0.0191331168382861	0.00468123240863373	0.0397443121052285	0.0413991288036902	0	0.0147480447118898	0	0.553896489960583	0.852916956291445
126426393	0.19861109117626	0.182003583114847	0.291774543065367	0.124712721041812	0	0.0393925492012515	0.0194655002396494	0.0154809726856012	0	0.00114565859244949	0	0.0382138187972964	0.0156929239556515	0.00256983282884909	0.0201186638772374	0.0372701267752308	0	0.0135480146484972	0	0.56901461417209	0.848280603140705
126426407	0.183701166118589	0.203517524827412	0.277583202843999	0.141879105724297	0	0.0445306873143107	0.067547705570206	0.00259529030663085	0	0.000201884491200871	0.0125105329879703	0.0211801856252217	0.015641160247696	0.00265118758161686	0.0101718387431799	0.00425968465704624	0	0.012028842960624	0	0.574206252166842	0.845212228246291
126426439	0.0922532939908011	0.300586961843118	0.284346819238566	0.124017148276709	0	0.044669766704248	0.0168860261597486	0.0252037592212282	0	0.00118380295472444	0.0148426307207974	0.0215465554154385	0.0167570622966422	0.0033447580416693	0.0182531246909881	0.0247001399616223	0	0.0114081504836997	0	0.588410170788619	0.835745644662743
126435712	0	0.414640903479136	0.194028849606565	0.157611686738005	0	0.0365920387955179	0.00556233929696721	0.0259681596492455	0	0.0214373664297906	0.024275013875472	0.0186240748054818	0.0218251422775297	0.00340252605443615	0.0161802009022732	0.0427751058782856	0	0.017076592211294	0	0.581619767529645	0.834961991575137
126435886	0.156379837462976	0.281794299140076	0.240661429949971	0.0975590069587839	0	0.0344268752076452	0.00919842618278571	0.0212252571928906	0	0.0224233589531643	0.00353295305247337	0.0346466290759383	0.0179477755348586	0.00438159710577455	0.0301946228457359	0.0341509255708504	0	0.0114770057660765	0	0.569828012187221	0.844336239037414
126435870	0.137552470022038	0.250220590272267	0.257947695090048	0.112326720457289	0	0.0359859107333395	0.0176112691529287	0.0202202512619447	0	0.00372072750687108	0.0112209702405672	0.0465865594145629	0.0165511933639405	0.00355139610737417	0.015483216519204	0.0509951570043162	0.00188384911332763	0.0181420237399812	0	0.579828086895757	0.841943509796505
126435854	0.110752342773076	0.303421364101403	0.22850336904224	0.11453816891757	0	0.0380777337899641	0.0055141405836189	0.0173274523678196	0	0.0156645522495051	0	0.0353713489647094	0.0200230751001874	0.00304364720954132	0.0134215528952337	0.0799466533265192	0	0.0143945986786116	0	0.556819619780531	0.849332193546416
126435838	0.11842431571106	0.362530572198416	0.176347103663216	0.133255876276397	0	0.0499502540784705	0.0247398770004727	0.0136336029892305	0	0	0.00532612660997687	0.0299755979150048	0.0150178046780806	0.0035628075034172	0.0245157827173119	0.0314125697028919	0	0.0113077089560549	0	0.597696892137463	0.828479940465592
126435822	0.129240864749178	0.376134583853135	0.194621953107155	0.117904740384126	0	0.0347632744453466	0.0212582450881547	0.0152232995181314	0	0	0.0122621798393815	0.0233741470106956	0.0144792154834775	0.00356730088567128	0.0182513913817476	0.0287140367390043	0	0.0102047675147956	0	0.59428862392455	0.830206837086157
126435774	0	0.432228551494223	0.267464705822832	0.116361613785637	0	0.0328685199855069	0	0.0245903864149649	0	0.0214665817636788	0.0152561099887546	0.00358172742608495	0.0244537249115725	0.003054746696699	0.0177162165360164	0.0257577958208481	0	0.0151993193531818	0	0.568192841311912	0.840191748062345
126435742	0.0387761890629932	0.364915815012716	0.242913933017906	0.0858076244613726	0	0.0365196635162194	0.00417550326194249	0.013695232861109	0	0.0245704756905382	0	0.0117893793238123	0.0260215081356776	0.00515148382113028	0.0313529381699688	0.098336132073667	0	0.0159741215909471	0	0.554417775184237	0.846013401986104
126435726	0.0750496363579534	0.322925209315184	0.24561964273278	0.130943828662069	0	0.051073939400077	0.00206522310890633	0.0237426730062562	0	0.0191074426549163	0.0210761831985703	0.0143367681337327	0.0176772734782139	0.00285443369701067	0.0215613020191983	0.0389963048716343	0.0011425578680747	0.0118275814954224	0	0.561610376385256	0.847047213761992
126435710	0.205849305486647	0.242291163931564	0.240634951064528	0.125454643587604	0	0.0374318274497192	0	0.0237243290472046	0	0.0102738317556523	0.00161331705241679	0.0335677122566894	0.0183570994497686	0.00609452397099454	0.0145915332477402	0.0260886917233366	0	0.0140270699761347	0	0.594217127203747	0.836763384334149
126435884	0.180153623737746	0.279461214528456	0.208413493633408	0.116723301453715	0	0.0446324608178468	0	0.0189211271931604	0	0.011366022642652	0.000917877715446575	0.0384707363562352	0.0138048043169377	0.00370415973026432	0.0274965903868853	0.040687533824107	0.000266999623505179	0.0149800540396346	0	0.568130208717616	0.845397218432241
126435836	0.263749991163069	0.236866278156839	0.213285000143442	0.130374211750441	0	0.0274333078083355	0.0461198297964726	0.0109167281022295	0	0.000570212171772789	0.00475149248468882	0.0137158888035347	0.0142894540862358	0.002822613519156	0.0226552077941984	0	0	0.0124497842195844	0	0.567626050786663	0.846846983430907
126435820	0.313422807488083	0.112625062312366	0.248248002115288	0.0997380301995007	0	0.0449718539968677	0.0218196323182558	0.0250228905492486	0	0.0237899170926162	0	0.0219845267874868	0.0202755162002541	0.00520607025145366	0.04231426652233	0.0021090378686566	0.00336030518687115	0.0151120811107215	0	0.568689074609579	0.848982055294618
126435804	0.227052978078902	0.128472644440455	0.265845342785303	0.151370452598659	0	0.05483217586076	0.0260490726513411	0.0145556966932159	0	0	0	0.050055540785348	0.0154658703918832	0.0035028527273214	0.0106519163816007	0.039419956610948	0.000899944566683493	0.0118255554275793	0	0.5676140531059	0.851428909771303
126435788	0.0780482840461291	0.365063816194996	0.22741569847557	0.0420999807633617	0	0.0494379708779109	0.00912846342163436	0.0217364675468081	0	0.0212138788157525	0	0.0198247515408925	0.0251853708294289	0.00489695551742451	0.0400738179073389	0.0776196214141232	0	0.018254922648629	0	0.568375753661427	0.839812704875617
126435740	0.177145593813914	0.228227733819408	0.270455186170743	0.0984154670828941	0	0.040276937458776	0.0346955765666225	0.0155633423055763	0	0	0.0235869896080921	0.0261024467739438	0.018150604422741	0.00332194782743147	0.0164348072628207	0.0314363103573447	0.000979964828298697	0.0152070917013946	0	0.575930861877684	0.844355489883138
126435724	0.0732660733294459	0.434555450551721	0.179018950942571	0.0929387473392047	0	0.0412198639041266	0.00704562096688266	0.0222994862890677	0	0.0199599218005402	0.00496571218544715	0.0215984837628922	0.0200968083547925	0.0041127628962408	0.0335873031741507	0.0340181244802334	0	0.0113166900226837	0	0.592017819625143	0.827901547995403
126439253	0.0384990799218334	0.424505393799268	0.165954024428862	0.108916944467976	0	0.0304878789553991	0.0227121272245089	0.0175351686820547	0	0.034873026566523	0	0.0206584395501556	0.0250750275986888	0.00678237458863239	0.0348286286227125	0.0502729198818757	0	0.0188989657115091	0	0.550722743896322	0.847540168089834
126435708	0.179502652265548	0.173072271689535	0.28347281838648	0.121949231511662	0	0.0615009347092624	0.0222207513323986	0.0250164564840069	0	0.00223248451671152	0	0.0362137566223552	0.0136228589440147	0.00476593461477122	0.0334584634585838	0.0270827668695045	0.00105013583601257	0.014838482759154	0	0.590607028443877	0.838015734139825
126439237	0.146886258528556	0.190759329688393	0.295824057487799	0.0965395878732521	0	0.0487752879112918	0.0429296721548561	0.015949344429773	0	0.00102726915042096	0.0159613077075926	0.0230748001737701	0.0204051156091152	0.0038021361329638	0.0140755073233178	0.065174014918193	0	0.0188163109107048	0	0.540814864995251	0.859395976185727
